{
 "cells": [
  {
   "cell_type": "code",
   "execution_count": 1,
   "metadata": {},
   "outputs": [],
   "source": [
    "import os \n",
    "import sys\n",
    "import glob\n",
    "import numpy as np\n",
    "import itk\n",
    "from itk import TubeTK as ttk\n",
    "from itkwidgets import view"
   ]
  },
  {
   "cell_type": "code",
   "execution_count": 2,
   "metadata": {},
   "outputs": [
    {
     "name": "stdout",
     "output_type": "stream",
     "text": [
      "['HighRes-005-08.nii', 'HighRes-005-09.nii', 'HighRes-005-10.nii', 'HighRes-005-11.nii', 'HighRes-005-12.nii', 'HighRes-005-13.nii', 'HighRes-005-14.nii', 'HighRes-005-15.nii', 'HighRes-005-16.nii', 'HighRes-005-17.nii', 'HighRes-005-18.nii', 'HighRes-005-19.nii', 'HighRes-005-20.nii', 'HighRes-005-21.nii', 'HighRes-005-22.nii', 'HighRes-005-23.nii', 'HighRes-005-24.nii', 'HighRes-005-25.nii', 'HighRes-005-26.nii', 'HighRes-005-27.nii', 'HighRes-005-28.nii', 'HighRes-005-29.nii', 'HighRes-005-30.nii', 'HighRes-005-31.nii', 'HighRes-005-32.nii', 'HighRes-005-33.nii', 'HighRes-005-34.nii', 'HighRes-005-35.nii', 'HighRes-005-36.nii', 'HighRes-005-37.nii']\n"
     ]
    }
   ],
   "source": [
    "# NRRD Study Name\n",
    "studyname = 'C:/Users/steph/Desktop/Data/unc/HighRes-005-ctp'\n",
    "\n",
    "# NRRD Files\n",
    "directory = (studyname + '/')\n",
    "\n",
    "# Saved NRRD Files \n",
    "directory2 = (studyname + '-Reg/')\n",
    "os.mkdir(directory2)\n",
    "\n",
    "# Mask Creation and Location\n",
    "directory3 = (studyname + '-MinMax/')\n",
    "os.mkdir(directory3)\n",
    "\n",
    "pic_folder = os.listdir(directory)\n",
    "pic_folder = [pic_folder for pic_folder in pic_folder if \".nii\" in pic_folder]\n",
    "pic_folder.sort()\n",
    "print(pic_folder)\n",
    "num_images = len(pic_folder)\n",
    "\n",
    "im0Tmp = itk.imread(directory + pic_folder[int(num_images/2)], itk.F)\n",
    "\n",
    "resample = ttk.ResampleImage.New(Input=im0Tmp,MakeIsotropic=True)\n",
    "resample.Update()\n",
    "im0 = resample.GetOutput()\n",
    "immath = ttk.ImageMath.New(Input=im0)\n",
    "immath.Blur(1)\n",
    "im0Blur = immath.GetOutput()\n",
    "\n",
    "immath.Threshold(150, 800, 1, 0)\n",
    "immath.Dilate(10, 1, 0)\n",
    "mask0 = immath.GetOutputUChar()\n",
    "mask0Tmp = itk.GetArrayViewFromImage(mask0)\n",
    "mask0Tmp[0:4,:,:] = 0\n",
    "sizeZ = mask0Tmp.shape[0]\n",
    "mask0Tmp[sizeZ-4:sizeZ,:,:] = 0   #No need to update mask0 since mask0Tmp is a view of mask0 (shared memory)\n",
    "\n",
    "itk.imwrite(mask0, directory3 + 'mask.mha', compression=True)\n",
    "maskObj = itk.ImageMaskSpatialObject[3].New()\n",
    "maskObj.SetImage(mask0)\n",
    "maskObj.Update()"
   ]
  },
  {
   "cell_type": "code",
   "execution_count": 3,
   "metadata": {},
   "outputs": [
    {
     "data": {
      "application/vnd.jupyter.widget-view+json": {
       "model_id": "83b612360abb426494e1ae89a4b0d806",
       "version_major": 2,
       "version_minor": 0
      },
      "text/plain": [
       "Viewer(geometries=[], gradient_opacity=0.22, point_sets=[], rendered_image=<itk.itkImagePython.itkImageUC3; pr…"
      ]
     },
     "metadata": {},
     "output_type": "display_data"
    }
   ],
   "source": [
    "view(mask0)"
   ]
  },
  {
   "cell_type": "code",
   "execution_count": 4,
   "metadata": {
    "scrolled": true
   },
   "outputs": [
    {
     "name": "stdout",
     "output_type": "stream",
     "text": [
      "AffineTransform (000001E6EABDC510)\n",
      "  RTTI typeinfo:   class itk::AffineTransform<double,3>\n",
      "  Reference Count: 2\n",
      "  Modified Time: 1473080\n",
      "  Debug: Off\n",
      "  Object Name: \n",
      "  Observers: \n",
      "    none\n",
      "  Matrix: \n",
      "    0.999999 -0.00108074 -0.000238296 \n",
      "    0.00108011 0.999996 -0.002626 \n",
      "    0.000241133 0.00262574 0.999997 \n",
      "  Offset: [-0.297534, -0.26435, 0.572864]\n",
      "  Center: [0.249023, -206.249, -85.0002]\n",
      "  Translation: [-0.0543783, -0.0400388, 0.031664]\n",
      "  Inverse: \n",
      "    0.999999 0.00108011 0.000241133 \n",
      "    -0.00108074 0.999996 0.00262574 \n",
      "    -0.000238296 -0.002626 0.999997 \n",
      "  Singular: 0\n",
      "\n",
      "3% : HighRes-005-08.nii\n",
      "AffineTransform (000001E6ED7A0C80)\n",
      "  RTTI typeinfo:   class itk::AffineTransform<double,3>\n",
      "  Reference Count: 2\n",
      "  Modified Time: 2973625\n",
      "  Debug: Off\n",
      "  Object Name: \n",
      "  Observers: \n",
      "    none\n",
      "  Matrix: \n",
      "    0.999998 -0.00096391 0.00145499 \n",
      "    0.000969446 0.999992 -0.00380863 \n",
      "    -0.00145131 0.00381003 0.999992 \n",
      "  Offset: [-0.107083, -0.322337, 0.562321]\n",
      "  Center: [0.249023, -206.249, -85.0002]\n",
      "  Translation: [-0.0319525, 0.00323116, -0.22315]\n",
      "  Inverse: \n",
      "    0.999998 0.000969446 -0.00145131 \n",
      "    -0.00096391 0.999992 0.00381003 \n",
      "    0.00145499 -0.00380863 0.999992 \n",
      "  Singular: 0\n",
      "\n",
      "7% : HighRes-005-09.nii\n",
      "AffineTransform (000001E6ED7A1DF0)\n",
      "  RTTI typeinfo:   class itk::AffineTransform<double,3>\n",
      "  Reference Count: 2\n",
      "  Modified Time: 4431517\n",
      "  Debug: Off\n",
      "  Object Name: \n",
      "  Observers: \n",
      "    none\n",
      "  Matrix: \n",
      "    0.999999 -0.0010444 0.000791324 \n",
      "    0.00104748 0.999992 -0.00389639 \n",
      "    -0.000787248 0.00389722 0.999992 \n",
      "  Offset: [-0.264316, -0.368889, 0.718016]\n",
      "  Center: [0.249023, -206.249, -85.0002]\n",
      "  Translation: [-0.116172, -0.0357551, -0.085306]\n",
      "  Inverse: \n",
      "    0.999999 0.00104748 -0.000787248 \n",
      "    -0.0010444 0.999992 0.00389722 \n",
      "    0.000791324 -0.00389639 0.999992 \n",
      "  Singular: 0\n",
      "\n",
      "10% : HighRes-005-10.nii\n",
      "AffineTransform (000001E6ED7A25B0)\n",
      "  RTTI typeinfo:   class itk::AffineTransform<double,3>\n",
      "  Reference Count: 2\n",
      "  Modified Time: 5901625\n",
      "  Debug: Off\n",
      "  Object Name: \n",
      "  Observers: \n",
      "    none\n",
      "  Matrix: \n",
      "    0.999998 -0.00193572 0.000869327 \n",
      "    0.00194153 0.999975 -0.00672969 \n",
      "    -0.000856279 0.00673136 0.999977 \n",
      "  Offset: [-0.309681, -0.542478, 1.11571]\n",
      "  Center: [0.249023, -206.249, -85.0002]\n",
      "  Translation: [0.0156666, 0.0350897, -0.270884]\n",
      "  Inverse: \n",
      "    0.999998 0.00194153 -0.000856279 \n",
      "    -0.00193572 0.999975 0.00673136 \n",
      "    0.000869327 -0.00672969 0.999977 \n",
      "  Singular: 0\n",
      "\n",
      "13% : HighRes-005-11.nii\n",
      "AffineTransform (000001E6ED7A1060)\n",
      "  RTTI typeinfo:   class itk::AffineTransform<double,3>\n",
      "  Reference Count: 2\n",
      "  Modified Time: 7365019\n",
      "  Debug: Off\n",
      "  Object Name: \n",
      "  Observers: \n",
      "    none\n",
      "  Matrix: \n",
      "    0.999998 -0.00197319 0.00052207 \n",
      "    0.0019751 0.999991 -0.00368569 \n",
      "    -0.000514793 0.00368672 0.999993 \n",
      "  Offset: [-0.387321, -0.252477, 0.790092]\n",
      "  Center: [0.249023, -206.249, -85.0002]\n",
      "  Translation: [-0.0247302, 0.0631028, 0.0301704]\n",
      "  Inverse: \n",
      "    0.999998 0.0019751 -0.000514793 \n",
      "    -0.00197319 0.999991 0.00368672 \n",
      "    0.00052207 -0.00368569 0.999993 \n",
      "  Singular: 0\n",
      "\n",
      "17% : HighRes-005-12.nii\n",
      "AffineTransform (000001E6ED7A1A10)\n",
      "  RTTI typeinfo:   class itk::AffineTransform<double,3>\n",
      "  Reference Count: 2\n",
      "  Modified Time: 8831529\n",
      "  Debug: Off\n",
      "  Object Name: \n",
      "  Observers: \n",
      "    none\n",
      "  Matrix: \n",
      "    0.999998 -0.00184639 0.000337223 \n",
      "    0.00184816 0.999984 -0.00532967 \n",
      "    -0.000327377 0.00533029 0.999986 \n",
      "  Offset: [-0.266385, -0.472401, 0.972269]\n",
      "  Center: [0.249023, -206.249, -85.0002]\n",
      "  Translation: [0.0857656, -0.0156362, -0.125968]\n",
      "  Inverse: \n",
      "    0.999998 0.00184816 -0.000327377 \n",
      "    -0.00184639 0.999984 0.00533029 \n",
      "    0.000337223 -0.00532967 0.999986 \n",
      "  Singular: 0\n",
      "\n",
      "20% : HighRes-005-13.nii\n",
      "AffineTransform (000001E6ED7A21D0)\n",
      "  RTTI typeinfo:   class itk::AffineTransform<double,3>\n",
      "  Reference Count: 2\n",
      "  Modified Time: 10288458\n",
      "  Debug: Off\n",
      "  Object Name: \n",
      "  Observers: \n",
      "    none\n",
      "  Matrix: \n",
      "    0.999999 -0.00158449 0.000626511 \n",
      "    0.00158662 0.999993 -0.00340232 \n",
      "    -0.000621115 0.00340331 0.999994 \n",
      "  Offset: [-0.233, -0.223029, 0.698689]\n",
      "  Center: [0.249023, -206.249, -85.0002]\n",
      "  Translation: [0.0405465, 0.068018, -0.00288677]\n",
      "  Inverse: \n",
      "    0.999999 0.00158662 -0.000621115 \n",
      "    -0.00158449 0.999993 0.00340331 \n",
      "    0.000626511 -0.00340232 0.999994 \n",
      "  Singular: 0\n",
      "\n",
      "23% : HighRes-005-14.nii\n",
      "AffineTransform (000001E6ED7A1A10)\n",
      "  RTTI typeinfo:   class itk::AffineTransform<double,3>\n",
      "  Reference Count: 2\n",
      "  Modified Time: 11744901\n",
      "  Debug: Off\n",
      "  Object Name: \n",
      "  Observers: \n",
      "    none\n",
      "  Matrix: \n",
      "    0.999999 -0.00163638 0.000271116 \n",
      "    0.00163749 0.99999 -0.00414052 \n",
      "    -0.000264337 0.00414096 0.999991 \n",
      "  Offset: [-0.226263, -0.301426, 0.760703]\n",
      "  Center: [0.249023, -206.249, -85.0002]\n",
      "  Translation: [0.0881942, 0.0529718, -0.0927003]\n",
      "  Inverse: \n",
      "    0.999999 0.00163749 -0.000264337 \n",
      "    -0.00163638 0.99999 0.00414096 \n",
      "    0.000271116 -0.00414052 0.999991 \n",
      "  Singular: 0\n",
      "\n",
      "27% : HighRes-005-15.nii\n",
      "AffineTransform (000001E6ED7A1630)\n",
      "  RTTI typeinfo:   class itk::AffineTransform<double,3>\n",
      "  Reference Count: 2\n",
      "  Modified Time: 13207809\n",
      "  Debug: Off\n",
      "  Object Name: \n",
      "  Observers: \n",
      "    none\n",
      "  Matrix: \n",
      "    0.999999 -0.00166845 0.000152505 \n",
      "    0.00166894 0.999993 -0.00329589 \n",
      "    -0.000147005 0.00329614 0.999995 \n",
      "  Offset: [-0.322633, -0.241577, 0.618713]\n",
      "  Center: [0.249023, -206.249, -85.0002]\n",
      "  Translation: [0.00851948, 0.0403972, -0.0606865]\n",
      "  Inverse: \n",
      "    0.999999 0.00166894 -0.000147005 \n",
      "    -0.00166845 0.999993 0.00329614 \n",
      "    0.000152505 -0.00329589 0.999995 \n",
      "  Singular: 0\n",
      "\n",
      "30% : HighRes-005-16.nii\n",
      "AffineTransform (000001E6ED7A08A0)\n",
      "  RTTI typeinfo:   class itk::AffineTransform<double,3>\n",
      "  Reference Count: 2\n",
      "  Modified Time: 14664259\n",
      "  Debug: Off\n",
      "  Object Name: \n",
      "  Observers: \n",
      "    none\n",
      "  Matrix: \n",
      "    0.999998 -0.00178619 0.000272947 \n",
      "    0.00178743 0.999988 -0.00461632 \n",
      "    -0.000264698 0.0046168 0.999989 \n",
      "  Offset: [-0.251919, -0.330749, 0.748759]\n",
      "  Center: [0.249023, -206.249, -85.0002]\n",
      "  Translation: [0.0932791, 0.0646108, -0.202609]\n",
      "  Inverse: \n",
      "    0.999998 0.00178743 -0.000264698 \n",
      "    -0.00178619 0.999988 0.0046168 \n",
      "    0.000272947 -0.00461632 0.999989 \n",
      "  Singular: 0\n",
      "\n",
      "33% : HighRes-005-17.nii\n",
      "AffineTransform (000001E6ED7A21D0)\n",
      "  RTTI typeinfo:   class itk::AffineTransform<double,3>\n",
      "  Reference Count: 2\n",
      "  Modified Time: 16121179\n",
      "  Debug: Off\n",
      "  Object Name: \n",
      "  Observers: \n",
      "    none\n",
      "  Matrix: \n",
      "    0.999999 -0.00164289 0.000342469 \n",
      "    0.00164338 0.999998 -0.0014294 \n",
      "    -0.00034012 0.00142996 0.999999 \n",
      "  Offset: [-0.271947, -0.0334703, 0.405612]\n",
      "  Center: [0.249023, -206.249, -85.0002]\n",
      "  Translation: [0.0377878, 0.0889276, 0.110691]\n",
      "  Inverse: \n",
      "    0.999999 0.00164338 -0.00034012 \n",
      "    -0.00164289 0.999998 0.00142996 \n",
      "    0.000342469 -0.0014294 0.999999 \n",
      "  Singular: 0\n",
      "\n",
      "37% : HighRes-005-18.nii\n",
      "AffineTransform (000001E6ED7A1060)\n",
      "  RTTI typeinfo:   class itk::AffineTransform<double,3>\n",
      "  Reference Count: 2\n",
      "  Modified Time: 17598236\n",
      "  Debug: Off\n",
      "  Object Name: \n",
      "  Observers: \n",
      "    none\n",
      "  Matrix: \n",
      "    0.999998 -0.0020233 -0.000160767 \n",
      "    0.00202283 0.999994 -0.00288843 \n",
      "    0.00016661 0.0028881 0.999996 \n",
      "  Offset: [-0.3086, -0.214974, 0.556066]\n",
      "  Center: [0.249023, -206.249, -85.0002]\n",
      "  Translation: [0.122368, 0.0323291, -0.0392052]\n",
      "  Inverse: \n",
      "    0.999998 0.00202283 0.00016661 \n",
      "    -0.0020233 0.999994 0.0028881 \n",
      "    -0.000160767 -0.00288843 0.999996 \n",
      "  Singular: 0\n",
      "\n",
      "40% : HighRes-005-19.nii\n",
      "AffineTransform (000001E6ED7A1A10)\n",
      "  RTTI typeinfo:   class itk::AffineTransform<double,3>\n",
      "  Reference Count: 2\n",
      "  Modified Time: 19076016\n",
      "  Debug: Off\n",
      "  Object Name: \n",
      "  Observers: \n",
      "    none\n",
      "  Matrix: \n",
      "    0.999998 -0.00181996 -8.72759e-05 \n",
      "    0.00181986 0.999998 -0.00113768 \n",
      "    8.93463e-05 0.00113751 0.999999 \n",
      "  Offset: [-0.307523, -0.051087, 0.285449]\n",
      "  Center: [0.249023, -206.249, -85.0002]\n",
      "  Translation: [0.0752603, 0.0465438, 0.0509148]\n",
      "  Inverse: \n",
      "    0.999998 0.00181986 8.93463e-05 \n",
      "    -0.00181996 0.999998 0.00113751 \n",
      "    -8.72759e-05 -0.00113768 0.999999 \n",
      "  Singular: 0\n",
      "\n",
      "43% : HighRes-005-20.nii\n",
      "AffineTransform (000001E6ED7A1820)\n",
      "  RTTI typeinfo:   class itk::AffineTransform<double,3>\n",
      "  Reference Count: 2\n",
      "  Modified Time: 20563382\n",
      "  Debug: Off\n",
      "  Object Name: \n",
      "  Observers: \n",
      "    none\n",
      "  Matrix: \n",
      "    0.999999 -0.00155317 0.00032121 \n",
      "    0.00155364 0.999998 -0.00147489 \n",
      "    -0.000318919 0.00147539 0.999999 \n",
      "  Offset: [-0.176033, -0.0853747, 0.290632]\n",
      "  Center: [0.249023, -206.249, -85.0002]\n",
      "  Translation: [0.117003, 0.0408513, -0.0136475]\n",
      "  Inverse: \n",
      "    0.999999 0.00155364 -0.000318919 \n",
      "    -0.00155317 0.999998 0.00147539 \n",
      "    0.00032121 -0.00147489 0.999999 \n",
      "  Singular: 0\n",
      "\n"
     ]
    },
    {
     "name": "stdout",
     "output_type": "stream",
     "text": [
      "47% : HighRes-005-21.nii\n",
      "AffineTransform (000001E6ED7A1060)\n",
      "  RTTI typeinfo:   class itk::AffineTransform<double,3>\n",
      "  Reference Count: 2\n",
      "  Modified Time: 22035419\n",
      "  Debug: Off\n",
      "  Object Name: \n",
      "  Observers: \n",
      "    none\n",
      "  Matrix: \n",
      "    0.999999 -0.000737246 -0.0012442 \n",
      "    0.000738273 0.999999 0.000825519 \n",
      "    0.0012436 -0.000826437 0.999999 \n",
      "  Offset: [-0.294909, 0.0845048, 0.0648038]\n",
      "  Center: [0.249023, -206.249, -85.0002]\n",
      "  Translation: [-0.0370949, 0.0146459, 0.23566]\n",
      "  Inverse: \n",
      "    0.999999 0.000738273 0.0012436 \n",
      "    -0.000737246 0.999999 -0.000826437 \n",
      "    -0.0012442 0.000825519 0.999999 \n",
      "  Singular: 0\n",
      "\n",
      "50% : HighRes-005-22.nii\n",
      "AffineTransform (000001E6ED7A1630)\n",
      "  RTTI typeinfo:   class itk::AffineTransform<double,3>\n",
      "  Reference Count: 2\n",
      "  Modified Time: 23534036\n",
      "  Debug: Off\n",
      "  Object Name: \n",
      "  Observers: \n",
      "    none\n",
      "  Matrix: \n",
      "    1 -7.19628e-08 -1.40083e-06 \n",
      "    7.19902e-08 1 1.96006e-05 \n",
      "    1.40083e-06 -1.96006e-05 1 \n",
      "  Offset: [-0.000102384, 0.00214956, -0.00839342]\n",
      "  Center: [0.249023, -206.249, -85.0002]\n",
      "  Translation: [3.15297e-05, 0.000483568, -0.00435046]\n",
      "  Inverse: \n",
      "    1 7.19902e-08 1.40083e-06 \n",
      "    -7.19628e-08 1 -1.96006e-05 \n",
      "    -1.40083e-06 1.96006e-05 1 \n",
      "  Singular: 0\n",
      "\n",
      "53% : HighRes-005-23.nii\n",
      "AffineTransform (000001E6ED7A23C0)\n",
      "  RTTI typeinfo:   class itk::AffineTransform<double,3>\n",
      "  Reference Count: 2\n",
      "  Modified Time: 24992405\n",
      "  Debug: Off\n",
      "  Object Name: \n",
      "  Observers: \n",
      "    none\n",
      "  Matrix: \n",
      "    0.999999 0.000831843 -0.00149108 \n",
      "    -0.000830177 0.999999 0.00111775 \n",
      "    0.00149201 -0.00111651 0.999998 \n",
      "  Offset: [-0.0580401, 0.118722, -0.0954012]\n",
      "  Center: [0.249023, -206.249, -85.0002]\n",
      "  Translation: [-0.102865, 0.023706, 0.135397]\n",
      "  Inverse: \n",
      "    0.999999 -0.000830177 0.00149201 \n",
      "    0.000831843 0.999999 -0.00111651 \n",
      "    -0.00149108 0.00111775 0.999998 \n",
      "  Singular: 0\n",
      "\n",
      "57% : HighRes-005-24.nii\n",
      "AffineTransform (000001E6ED7A1FE0)\n",
      "  RTTI typeinfo:   class itk::AffineTransform<double,3>\n",
      "  Reference Count: 2\n",
      "  Modified Time: 26456281\n",
      "  Debug: Off\n",
      "  Object Name: \n",
      "  Observers: \n",
      "    none\n",
      "  Matrix: \n",
      "    0.999997 0.0022108 -0.000873952 \n",
      "    -0.00220992 0.999997 0.00100991 \n",
      "    0.000876182 -0.00100798 0.999999 \n",
      "  Offset: [0.209723, 0.0836181, -0.162317]\n",
      "  Center: [0.249023, -206.249, -85.0002]\n",
      "  Translation: [-0.171968, -0.00216637, 0.0458715]\n",
      "  Inverse: \n",
      "    0.999997 -0.00220992 0.000876182 \n",
      "    0.0022108 0.999997 -0.00100798 \n",
      "    -0.000873952 0.00100991 0.999999 \n",
      "  Singular: 0\n",
      "\n",
      "60% : HighRes-005-25.nii\n",
      "AffineTransform (000001E6ED7A1630)\n",
      "  RTTI typeinfo:   class itk::AffineTransform<double,3>\n",
      "  Reference Count: 2\n",
      "  Modified Time: 27914410\n",
      "  Debug: Off\n",
      "  Object Name: \n",
      "  Observers: \n",
      "    none\n",
      "  Matrix: \n",
      "    0.999995 0.00236151 -0.00189778 \n",
      "    -0.00235906 0.999996 0.00129117 \n",
      "    0.00190082 -0.00128669 0.999997 \n",
      "  Offset: [0.084889, 0.0684748, -0.141734]\n",
      "  Center: [0.249023, -206.249, -85.0002]\n",
      "  Translation: [-0.240859, -0.0411165, 0.124341]\n",
      "  Inverse: \n",
      "    0.999995 -0.00235906 0.00190082 \n",
      "    0.00236151 0.999996 -0.00128669 \n",
      "    -0.00189778 0.00129117 0.999997 \n",
      "  Singular: 0\n",
      "\n",
      "63% : HighRes-005-26.nii\n",
      "AffineTransform (000001E6ED7A1A10)\n",
      "  RTTI typeinfo:   class itk::AffineTransform<double,3>\n",
      "  Reference Count: 2\n",
      "  Modified Time: 29381642\n",
      "  Debug: Off\n",
      "  Object Name: \n",
      "  Observers: \n",
      "    none\n",
      "  Matrix: \n",
      "    0.999995 0.00270273 -0.0017019 \n",
      "    -0.00269922 0.999994 0.0020604 \n",
      "    0.00170746 -0.00205579 0.999996 \n",
      "  Offset: [0.234414, 0.175549, -0.516425]\n",
      "  Center: [0.249023, -206.249, -85.0002]\n",
      "  Translation: [-0.178361, 0.000931906, -0.0916911]\n",
      "  Inverse: \n",
      "    0.999995 -0.00269922 0.00170746 \n",
      "    0.00270273 0.999994 -0.00205579 \n",
      "    -0.0017019 0.0020604 0.999996 \n",
      "  Singular: 0\n",
      "\n",
      "67% : HighRes-005-27.nii\n",
      "AffineTransform (000001E6ED7A1FE0)\n",
      "  RTTI typeinfo:   class itk::AffineTransform<double,3>\n",
      "  Reference Count: 2\n",
      "  Modified Time: 30866837\n",
      "  Debug: Off\n",
      "  Object Name: \n",
      "  Observers: \n",
      "    none\n",
      "  Matrix: \n",
      "    0.999992 0.00308292 -0.00272601 \n",
      "    -0.00307641 0.999992 0.0023886 \n",
      "    0.00273336 -0.00238019 0.999993 \n",
      "  Offset: [0.13632, 0.216322, -0.281451]\n",
      "  Center: [0.249023, -206.249, -85.0002]\n",
      "  Translation: [-0.267819, 0.0140884, 0.210701]\n",
      "  Inverse: \n",
      "    0.999992 -0.00307641 0.00273336 \n",
      "    0.00308292 0.999992 -0.00238019 \n",
      "    -0.00272601 0.0023886 0.999993 \n",
      "  Singular: 0\n",
      "\n",
      "70% : HighRes-005-28.nii\n",
      "AffineTransform (000001E6ED7A1440)\n",
      "  RTTI typeinfo:   class itk::AffineTransform<double,3>\n",
      "  Reference Count: 2\n",
      "  Modified Time: 32330721\n",
      "  Debug: Off\n",
      "  Object Name: \n",
      "  Observers: \n",
      "    none\n",
      "  Matrix: \n",
      "    0.999991 0.00337566 -0.00274157 \n",
      "    -0.00336893 0.999991 0.00245668 \n",
      "    0.00274984 -0.00244742 0.999993 \n",
      "  Offset: [0.207868, 0.172207, -0.443808]\n",
      "  Center: [0.249023, -206.249, -85.0002]\n",
      "  Translation: [-0.255327, -0.0356573, 0.0622312]\n",
      "  Inverse: \n",
      "    0.999991 -0.00336893 0.00274984 \n",
      "    0.00337566 0.999991 -0.00244742 \n",
      "    -0.00274157 0.00245668 0.999993 \n",
      "  Singular: 0\n",
      "\n",
      "73% : HighRes-005-29.nii\n",
      "AffineTransform (000001E6ED7A1DF0)\n",
      "  RTTI typeinfo:   class itk::AffineTransform<double,3>\n",
      "  Reference Count: 2\n",
      "  Modified Time: 33792678\n",
      "  Debug: Off\n",
      "  Object Name: \n",
      "  Observers: \n",
      "    none\n",
      "  Matrix: \n",
      "    0.999992 0.00311549 -0.00252161 \n",
      "    -0.00311238 0.999994 0.00123772 \n",
      "    0.00252545 -0.00122987 0.999996 \n",
      "  Offset: [0.170253, 0.0903349, -0.161168]\n",
      "  Center: [0.249023, -206.249, -85.0002]\n",
      "  Translation: [-0.257978, -0.01449, 0.0934554]\n",
      "  Inverse: \n",
      "    0.999992 -0.00311238 0.00252545 \n",
      "    0.00311549 0.999994 -0.00122987 \n",
      "    -0.00252161 0.00123772 0.999996 \n",
      "  Singular: 0\n",
      "\n",
      "77% : HighRes-005-30.nii\n",
      "AffineTransform (000001E6ED7A25B0)\n",
      "  RTTI typeinfo:   class itk::AffineTransform<double,3>\n",
      "  Reference Count: 2\n",
      "  Modified Time: 35251044\n",
      "  Debug: Off\n",
      "  Object Name: \n",
      "  Observers: \n",
      "    none\n",
      "  Matrix: \n",
      "    0.999993 0.00318174 -0.00188251 \n",
      "    -0.00317732 0.999992 0.00234935 \n",
      "    0.00188997 -0.00234336 0.999995 \n",
      "  Offset: [0.264062, 0.190581, -0.507733]\n",
      "  Center: [0.249023, -206.249, -85.0002]\n",
      "  Translation: [-0.232157, -0.00829582, -0.023562]\n",
      "  Inverse: \n",
      "    0.999993 -0.00317732 0.00188997 \n",
      "    0.00318174 0.999992 -0.00234336 \n",
      "    -0.00188251 0.00234935 0.999995 \n",
      "  Singular: 0\n",
      "\n",
      "80% : HighRes-005-31.nii\n",
      "AffineTransform (000001E6ED7A0E70)\n",
      "  RTTI typeinfo:   class itk::AffineTransform<double,3>\n",
      "  Reference Count: 2\n",
      "  Modified Time: 36706784\n",
      "  Debug: Off\n",
      "  Object Name: \n",
      "  Observers: \n",
      "    none\n",
      "  Matrix: \n",
      "    0.99998 0.00461433 -0.0043123 \n",
      "    -0.00460583 0.999987 0.00197828 \n",
      "    0.00432138 -0.00195838 0.999989 \n",
      "  Offset: [0.0940686, 0.136381, -0.166459]\n",
      "  Center: [0.249023, -206.249, -85.0002]\n",
      "  Translation: [-0.491091, -0.0303282, 0.239487]\n",
      "  Inverse: \n",
      "    0.99998 -0.00460583 0.00432138 \n",
      "    0.00461433 0.999987 -0.00195838 \n",
      "    -0.0043123 0.00197828 0.999989 \n",
      "  Singular: 0\n",
      "\n",
      "83% : HighRes-005-32.nii\n",
      "AffineTransform (000001E6ED7A0C80)\n",
      "  RTTI typeinfo:   class itk::AffineTransform<double,3>\n",
      "  Reference Count: 2\n",
      "  Modified Time: 38164914\n",
      "  Debug: Off\n",
      "  Object Name: \n",
      "  Observers: \n",
      "    none\n",
      "  Matrix: \n",
      "    0.999987 0.00444631 -0.00267602 \n",
      "    -0.00443994 0.999987 0.00238451 \n",
      "    0.00268659 -0.00237259 0.999994 \n",
      "  Offset: [0.328787, 0.195424, -0.496191]\n",
      "  Center: [0.249023, -206.249, -85.0002]\n",
      "  Translation: [-0.360801, -0.00574598, -0.00563088]\n",
      "  Inverse: \n",
      "    0.999987 -0.00443994 0.00268659 \n",
      "    0.00444631 0.999987 -0.00237259 \n",
      "    -0.00267602 0.00238451 0.999994 \n",
      "  Singular: 0\n",
      "\n",
      "87% : HighRes-005-33.nii\n",
      "AffineTransform (000001E6ED7A1440)\n",
      "  RTTI typeinfo:   class itk::AffineTransform<double,3>\n",
      "  Reference Count: 2\n",
      "  Modified Time: 39622091\n",
      "  Debug: Off\n",
      "  Object Name: \n",
      "  Observers: \n",
      "    none\n",
      "  Matrix: \n",
      "    0.999988 0.00427941 -0.00224529 \n",
      "    -0.00427639 0.99999 0.00135048 \n",
      "    0.00225105 -0.00134086 0.999997 \n",
      "  Offset: [0.305656, 0.136425, -0.169047]\n",
      "  Center: [0.249023, -206.249, -85.0002]\n",
      "  Translation: [-0.386122, 0.0226432, 0.108357]\n",
      "  Inverse: \n",
      "    0.999988 -0.00427639 0.00225105 \n",
      "    0.00427941 0.99999 -0.00134086 \n",
      "    -0.00224529 0.00135048 0.999997 \n",
      "  Singular: 0\n",
      "\n",
      "90% : HighRes-005-34.nii\n",
      "AffineTransform (000001E6ED7A1250)\n",
      "  RTTI typeinfo:   class itk::AffineTransform<double,3>\n",
      "  Reference Count: 2\n",
      "  Modified Time: 41084060\n",
      "  Debug: Off\n",
      "  Object Name: \n",
      "  Observers: \n",
      "    none\n",
      "  Matrix: \n",
      "    0.999981 0.00570911 -0.00247513 \n",
      "    -0.00570377 0.999981 0.00215684 \n",
      "    0.0024874 -0.00214269 0.999995 \n",
      "  Offset: [0.508257, 0.198118, -0.42114]\n",
      "  Center: [0.249023, -206.249, -85.0002]\n",
      "  Translation: [-0.458859, 0.0172002, 0.0218644]\n",
      "  Inverse: \n",
      "    0.999981 -0.00570377 0.0024874 \n",
      "    0.00570911 0.999981 -0.00214269 \n",
      "    -0.00247513 0.00215684 0.999995 \n",
      "  Singular: 0\n",
      "\n"
     ]
    },
    {
     "name": "stdout",
     "output_type": "stream",
     "text": [
      "93% : HighRes-005-35.nii\n",
      "AffineTransform (000001E6ED7A25B0)\n",
      "  RTTI typeinfo:   class itk::AffineTransform<double,3>\n",
      "  Reference Count: 2\n",
      "  Modified Time: 42538593\n",
      "  Debug: Off\n",
      "  Object Name: \n",
      "  Observers: \n",
      "    none\n",
      "  Matrix: \n",
      "    0.999979 0.00575135 -0.00286547 \n",
      "    -0.0057465 0.999982 0.00169795 \n",
      "    0.00287518 -0.00168145 0.999994 \n",
      "  Offset: [0.422668, 0.17194, -0.199501]\n",
      "  Center: [0.249023, -206.249, -85.0002]\n",
      "  Translation: [-0.519982, 0.0298854, 0.148484]\n",
      "  Inverse: \n",
      "    0.999979 -0.0057465 0.00287518 \n",
      "    0.00575135 0.999982 -0.00168145 \n",
      "    -0.00286547 0.00169795 0.999994 \n",
      "  Singular: 0\n",
      "\n",
      "97% : HighRes-005-36.nii\n",
      "AffineTransform (000001E6ED7A1A10)\n",
      "  RTTI typeinfo:   class itk::AffineTransform<double,3>\n",
      "  Reference Count: 2\n",
      "  Modified Time: 44011575\n",
      "  Debug: Off\n",
      "  Object Name: \n",
      "  Observers: \n",
      "    none\n",
      "  Matrix: \n",
      "    0.999987 0.00471643 -0.00182064 \n",
      "    -0.00471358 0.999988 0.00156779 \n",
      "    0.00182801 -0.00155919 0.999997 \n",
      "  Offset: [0.48696, 0.175708, -0.446303]\n",
      "  Center: [0.249023, -206.249, -85.0002]\n",
      "  Translation: [-0.331048, 0.0438161, -0.124022]\n",
      "  Inverse: \n",
      "    0.999987 -0.00471358 0.00182801 \n",
      "    0.00471643 0.999988 -0.00155919 \n",
      "    -0.00182064 0.00156779 0.999997 \n",
      "  Singular: 0\n",
      "\n",
      "100% : HighRes-005-37.nii\n",
      "Done\n"
     ]
    }
   ],
   "source": [
    "Dimension = 3\n",
    "PixelType = itk.ctype('float')\n",
    "ImageType = itk.Image[PixelType, Dimension]\n",
    "\n",
    "imdatamax = itk.GetArrayFromImage(im0)\n",
    "imdatamin = imdatamax\n",
    "imdatamax2 = imdatamax\n",
    "imdatamin2 = imdatamax\n",
    "imdatamax3 = imdatamax\n",
    "imdatamin3 = imdatamax\n",
    "\n",
    "imFixedBlur = im0Blur\n",
    "\n",
    "for imNum in range(num_images):\n",
    "    imMoving = itk.imread( directory + pic_folder[imNum], itk.F )\n",
    "    \n",
    "    immath.SetInput(imMoving)\n",
    "    immath.Blur(1)\n",
    "    imMovingBlur = immath.GetOutput()\n",
    "    \n",
    "    imreg = ttk.RegisterImages[ImageType].New()\n",
    "    imreg.SetFixedImage(imFixedBlur)\n",
    "    imreg.SetMovingImage(imMovingBlur)\n",
    "    \n",
    "    imreg.SetRigidMaxIterations(3000)\n",
    "    imreg.SetRegistration(\"RIGID\")\n",
    "    imreg.SetExpectedOffsetMagnitude(20)\n",
    "    imreg.SetExpectedRotationMagnitude(0.3)\n",
    "    imreg.SetMetric(\"MEAN_SQUARED_ERROR_METRIC\")\n",
    "    \n",
    "    imreg.SetFixedImageMaskObject(maskObj)\n",
    "    #imreg.SetSampleFromOverlap(True)\n",
    "\n",
    "    imreg.SetReportProgress(True)\n",
    "    imreg.Update()\n",
    "    \n",
    "    tfm = imreg.GetCurrentMatrixTransform()\n",
    "    #imFixedBlur = imreg.GetFinalMovingImage(\"LINEAR_INTERPOLATION\", -1024)\n",
    "    imMovingReg = imreg.ResampleImage(\"LINEAR_INTERPOLATION\", imMoving, tfm, -1024)\n",
    "    \n",
    "    itk.imwrite( imMovingReg, directory2 + pic_folder[imNum], compression=True )\n",
    "    \n",
    "    print(tfm)\n",
    "    \n",
    "    imdataTmp = itk.GetArrayFromImage(imMovingReg)\n",
    "    \n",
    "    imdatamax = np.maximum(imdatamax,imdataTmp)\n",
    "    imdatamin = np.minimum(imdatamin,imdataTmp)\n",
    "    imdataTmp[np.where(imdataTmp==imdatamax)] = 0\n",
    "    imdataTmp[np.where(imdataTmp==imdatamin)] = 0\n",
    "    imdatamax2 = np.maximum(imdatamax2,imdataTmp)\n",
    "    imdatamin2 = np.minimum(imdatamin2,imdataTmp)\n",
    "    imdataTmp[np.where(imdataTmp==imdatamax)] = 0\n",
    "    imdataTmp[np.where(imdataTmp==imdatamin)] = 0\n",
    "    imdatamax3 = np.maximum(imdatamax3,imdataTmp)\n",
    "    imdatamin3 = np.minimum(imdatamin3,imdataTmp)\n",
    "    \n",
    "    #out = itk.GetImageFromArray(imdatamax)\n",
    "    #out.CopyInformation(im0)\n",
    "    #itk.imwrite(out, (directory3 + 'max_' + str(imNum) + '.nrrd'))\n",
    "    \n",
    "    #out = itk.GetImageFromArray(imdatamax3)\n",
    "    #out.CopyInformation(im0)\n",
    "    #itk.imwrite(out, (directory3 + 'max3_' + str(imNum) + '.nrrd'))\n",
    "    \n",
    "    percent = (imNum + 1) / num_images * 100\n",
    "    print(str(round(percent)) + '% : ' + pic_folder[imNum])\n",
    "    \n",
    "print('Done')    "
   ]
  },
  {
   "cell_type": "code",
   "execution_count": 5,
   "metadata": {},
   "outputs": [
    {
     "name": "stdout",
     "output_type": "stream",
     "text": [
      "Done3\n"
     ]
    }
   ],
   "source": [
    "out = itk.GetImageFromArray(imdatamax3)\n",
    "out.CopyInformation(im0)\n",
    "itk.imwrite(out, (directory3 + 'max3.nrrd'), compression=True)\n",
    "\n",
    "out = itk.GetImageFromArray(imdatamin3)\n",
    "out.CopyInformation(im0)\n",
    "itk.imwrite(out, (directory3 + 'min3.nrrd'), compression=True)\n",
    "\n",
    "out = itk.GetImageFromArray(imdatamax3 - imdatamin3)\n",
    "out.CopyInformation(im0)\n",
    "itk.imwrite(out, (directory3 + 'diff3.nrrd'), compression=True)\n",
    "\n",
    "print('Done3')"
   ]
  },
  {
   "cell_type": "code",
   "execution_count": 6,
   "metadata": {},
   "outputs": [
    {
     "name": "stdout",
     "output_type": "stream",
     "text": [
      "Done\n"
     ]
    }
   ],
   "source": [
    "out = itk.GetImageFromArray(imdatamax)\n",
    "out.CopyInformation(im0)\n",
    "itk.imwrite(out, (directory3 + 'max.nrrd'), compression=True)\n",
    "\n",
    "out = itk.GetImageFromArray(imdatamin)\n",
    "out.CopyInformation(im0)\n",
    "itk.imwrite(out, (directory3 + 'min.nrrd'), compression=True)\n",
    "\n",
    "out = itk.GetImageFromArray(imdatamax - imdatamin)\n",
    "out.CopyInformation(im0)\n",
    "itk.imwrite(out, (directory3 + 'diff.nrrd'), compression=True)\n",
    "\n",
    "print('Done')"
   ]
  },
  {
   "cell_type": "code",
   "execution_count": 7,
   "metadata": {},
   "outputs": [
    {
     "data": {
      "application/vnd.jupyter.widget-view+json": {
       "model_id": "ac5c0501bcc4461888a451001a241330",
       "version_major": 2,
       "version_minor": 0
      },
      "text/plain": [
       "Viewer(geometries=[], gradient_opacity=0.22, point_sets=[], rendered_image=<itk.itkImagePython.itkImageF3; pro…"
      ]
     },
     "metadata": {},
     "output_type": "display_data"
    }
   ],
   "source": [
    "out = itk.GetImageFromArray(imdatamax)\n",
    "view(out)"
   ]
  },
  {
   "cell_type": "code",
   "execution_count": null,
   "metadata": {},
   "outputs": [],
   "source": []
  }
 ],
 "metadata": {
  "kernelspec": {
   "display_name": "Python 3",
   "language": "python",
   "name": "python3"
  },
  "language_info": {
   "codemirror_mode": {
    "name": "ipython",
    "version": 3
   },
   "file_extension": ".py",
   "mimetype": "text/x-python",
   "name": "python",
   "nbconvert_exporter": "python",
   "pygments_lexer": "ipython3",
   "version": "3.8.3"
  }
 },
 "nbformat": 4,
 "nbformat_minor": 2
}
