{
 "cells": [
  {
   "cell_type": "code",
   "execution_count": 1,
   "metadata": {},
   "outputs": [],
   "source": [
    "import os \n",
    "import sys\n",
    "import glob\n",
    "import numpy as np\n",
    "import itk\n",
    "from itk import TubeTK as ttk\n",
    "from itkwidgets import view"
   ]
  },
  {
   "cell_type": "code",
   "execution_count": 2,
   "metadata": {},
   "outputs": [
    {
     "name": "stdout",
     "output_type": "stream",
     "text": [
      "['CTAT-001-Perf_DAWN_PERFUSION_20180301063224_10.nii', 'CTAT-001-Perf_DAWN_PERFUSION_20180301063224_11.nii', 'CTAT-001-Perf_DAWN_PERFUSION_20180301063224_12.nii', 'CTAT-001-Perf_DAWN_PERFUSION_20180301063224_13.nii', 'CTAT-001-Perf_DAWN_PERFUSION_20180301063224_14.nii', 'CTAT-001-Perf_DAWN_PERFUSION_20180301063224_15.nii', 'CTAT-001-Perf_DAWN_PERFUSION_20180301063224_16.nii', 'CTAT-001-Perf_DAWN_PERFUSION_20180301063224_17.nii', 'CTAT-001-Perf_DAWN_PERFUSION_20180301063224_18.nii', 'CTAT-001-Perf_DAWN_PERFUSION_20180301063224_19.nii', 'CTAT-001-Perf_DAWN_PERFUSION_20180301063224_20.nii', 'CTAT-001-Perf_DAWN_PERFUSION_20180301063224_21.nii', 'CTAT-001-Perf_DAWN_PERFUSION_20180301063224_22.nii', 'CTAT-001-Perf_DAWN_PERFUSION_20180301063224_23.nii', 'CTAT-001-Perf_DAWN_PERFUSION_20180301063224_24.nii', 'CTAT-001-Perf_DAWN_PERFUSION_20180301063224_25.nii', 'CTAT-001-Perf_DAWN_PERFUSION_20180301063224_26.nii', 'CTAT-001-Perf_DAWN_PERFUSION_20180301063224_27.nii', 'CTAT-001-Perf_DAWN_PERFUSION_20180301063224_28.nii', 'CTAT-001-Perf_DAWN_PERFUSION_20180301063224_3.nii', 'CTAT-001-Perf_DAWN_PERFUSION_20180301063224_6.nii', 'CTAT-001-Perf_DAWN_PERFUSION_20180301063224_7.nii', 'CTAT-001-Perf_DAWN_PERFUSION_20180301063224_8.nii', 'CTAT-001-Perf_DAWN_PERFUSION_20180301063224_9.nii']\n"
     ]
    }
   ],
   "source": [
    "# NRRD Study Name\n",
    "studyname = 'G:/My Drive/Projects/Proj_UNC_StrokeCollaterals/Experiments/UNC/CTP/CTAT-001'\n",
    "\n",
    "# NRRD Files\n",
    "directory = (studyname + '/')\n",
    "\n",
    "# Saved NRRD Files \n",
    "directory2 = (studyname + '-Reg/')\n",
    "\n",
    "# Mask Creation and Location\n",
    "directory3 = (studyname + '-MinMax/')\n",
    "\n",
    "pic_folder = os.listdir(directory)\n",
    "pic_folder = [pic_folder for pic_folder in pic_folder if \".nii\" in pic_folder]\n",
    "pic_folder.sort()\n",
    "print(pic_folder)\n",
    "num_images = len(pic_folder)\n",
    "\n",
    "im0 = itk.imread(directory + pic_folder[int(num_images/2)], itk.F)\n",
    "immath = ttk.ImageMath.New(Input=im0)\n",
    "immath.Blur(0.5)\n",
    "im0Blur = immath.GetOutput()\n",
    "\n",
    "immath.Threshold(150, 800, 1, 0)\n",
    "immath.Dilate(10, 1, 0)\n",
    "mask0 = immath.GetOutputUChar()\n",
    "mask0Tmp = itk.GetArrayFromImage(mask0)\n",
    "mask0Tmp[0:4,:,:] = 0\n",
    "sizeZ = mask0Tmp.shape[0]\n",
    "mask0Tmp[sizeZ-4:sizeZ,:,:] = 0\n",
    "mask0 = itk.GetImageFromArray(mask0Tmp)\n",
    "mask0.CopyInformation(im0)\n",
    "\n",
    "itk.imwrite(mask0, directory3 + 'mask.mha', compression=True)\n",
    "maskObj = itk.ImageMaskSpatialObject[3].New()\n",
    "maskObj.SetImage(mask0)\n",
    "maskObj.Update()"
   ]
  },
  {
   "cell_type": "code",
   "execution_count": 3,
   "metadata": {},
   "outputs": [
    {
     "data": {
      "application/vnd.jupyter.widget-view+json": {
       "model_id": "9c8b35d5f70246148bc862d21b7baaf5",
       "version_major": 2,
       "version_minor": 0
      },
      "text/plain": [
       "Viewer(geometries=[], gradient_opacity=0.22, point_sets=[], rendered_image=<itk.itkImagePython.itkImageUC3; pr…"
      ]
     },
     "metadata": {},
     "output_type": "display_data"
    }
   ],
   "source": [
    "view(mask0)"
   ]
  },
  {
   "cell_type": "code",
   "execution_count": 4,
   "metadata": {
    "scrolled": true
   },
   "outputs": [
    {
     "name": "stdout",
     "output_type": "stream",
     "text": [
      "AffineTransform (0000016AD8E87270)\n",
      "  RTTI typeinfo:   class itk::AffineTransform<double,3>\n",
      "  Reference Count: 2\n",
      "  Modified Time: 1166853\n",
      "  Debug: Off\n",
      "  Object Name: \n",
      "  Observers: \n",
      "    none\n",
      "  Matrix: \n",
      "    0.999998 0.00170899 -0.000626251 \n",
      "    -0.00171006 0.999997 -0.00171297 \n",
      "    0.000623322 0.00171404 0.999998 \n",
      "  Offset: [0.224218, -0.0611026, -0.155309]\n",
      "  Center: [0.21582, -164.716, 3.50005]\n",
      "  Translation: [-0.0594717, -0.0669847, -0.437509]\n",
      "  Inverse: \n",
      "    0.999998 -0.00171006 0.000623322 \n",
      "    0.00170899 0.999997 0.00171404 \n",
      "    -0.000626251 -0.00171297 0.999998 \n",
      "  Singular: 0\n",
      "\n",
      "4% : CTAT-001-Perf_DAWN_PERFUSION_20180301063224_10.nii\n",
      "AffineTransform (0000016AD8E885D0)\n",
      "  RTTI typeinfo:   class itk::AffineTransform<double,3>\n",
      "  Reference Count: 2\n",
      "  Modified Time: 2337138\n",
      "  Debug: Off\n",
      "  Object Name: \n",
      "  Observers: \n",
      "    none\n",
      "  Matrix: \n",
      "    0.999997 0.00235968 -0.000292841 \n",
      "    -0.00235989 0.999997 -0.000734238 \n",
      "    0.000291107 0.000734927 1 \n",
      "  Offset: [0.278939, -0.0606089, -0.268699]\n",
      "  Center: [0.21582, -164.716, 3.50005]\n",
      "  Translation: [-0.110763, -0.063185, -0.389691]\n",
      "  Inverse: \n",
      "    0.999997 -0.00235989 0.000291107 \n",
      "    0.00235968 0.999997 0.000734927 \n",
      "    -0.000292841 -0.000734238 1 \n",
      "  Singular: 0\n",
      "\n",
      "8% : CTAT-001-Perf_DAWN_PERFUSION_20180301063224_11.nii\n",
      "AffineTransform (0000016AD8E87A30)\n",
      "  RTTI typeinfo:   class itk::AffineTransform<double,3>\n",
      "  Reference Count: 2\n",
      "  Modified Time: 3502834\n",
      "  Debug: Off\n",
      "  Object Name: \n",
      "  Observers: \n",
      "    none\n",
      "  Matrix: \n",
      "    0.999999 0.00149813 -0.000600614 \n",
      "    -0.00149833 0.999999 -0.000342896 \n",
      "    0.0006001 0.000343795 1 \n",
      "  Offset: [0.197604, -0.064045, -0.404725]\n",
      "  Center: [0.21582, -164.716, 3.50005]\n",
      "  Translation: [-0.0512644, -0.065374, -0.461225]\n",
      "  Inverse: \n",
      "    0.999999 -0.00149833 0.0006001 \n",
      "    0.00149813 0.999999 0.000343795 \n",
      "    -0.000600614 -0.000342896 1 \n",
      "  Singular: 0\n",
      "\n",
      "12% : CTAT-001-Perf_DAWN_PERFUSION_20180301063224_12.nii\n",
      "AffineTransform (0000016AD8E88BA0)\n",
      "  RTTI typeinfo:   class itk::AffineTransform<double,3>\n",
      "  Reference Count: 2\n",
      "  Modified Time: 4668713\n",
      "  Debug: Off\n",
      "  Object Name: \n",
      "  Observers: \n",
      "    none\n",
      "  Matrix: \n",
      "    0.999998 0.0018912 -4.52519e-05 \n",
      "    -0.0018912 0.999998 4.81126e-06 \n",
      "    4.52609e-05 -4.72567e-06 1 \n",
      "  Offset: [0.220913, -0.0527606, -0.356794]\n",
      "  Center: [0.21582, -164.716, 3.50005]\n",
      "  Translation: [-0.0907559, -0.0528574, -0.356006]\n",
      "  Inverse: \n",
      "    0.999998 -0.0018912 4.52609e-05 \n",
      "    0.0018912 0.999998 -4.72567e-06 \n",
      "    -4.52519e-05 4.81126e-06 1 \n",
      "  Singular: 0\n",
      "\n",
      "17% : CTAT-001-Perf_DAWN_PERFUSION_20180301063224_13.nii\n",
      "AffineTransform (0000016AD8E87840)\n",
      "  RTTI typeinfo:   class itk::AffineTransform<double,3>\n",
      "  Reference Count: 2\n",
      "  Modified Time: 5835357\n",
      "  Debug: Off\n",
      "  Object Name: \n",
      "  Observers: \n",
      "    none\n",
      "  Matrix: \n",
      "    0.99998 0.00633794 3.49927e-05 \n",
      "    -0.00633794 0.99998 6.14111e-05 \n",
      "    -3.46028e-05 -6.16317e-05 1 \n",
      "  Offset: [0.656634, -0.197582, -0.368693]\n",
      "  Center: [0.21582, -164.716, 3.50005]\n",
      "  Translation: [-0.387206, -0.195426, -0.358549]\n",
      "  Inverse: \n",
      "    0.99998 -0.00633794 -3.46028e-05 \n",
      "    0.00633794 0.99998 -6.16317e-05 \n",
      "    3.49927e-05 6.14111e-05 1 \n",
      "  Singular: 0\n",
      "\n",
      "21% : CTAT-001-Perf_DAWN_PERFUSION_20180301063224_14.nii\n",
      "AffineTransform (0000016AD8E885D0)\n",
      "  RTTI typeinfo:   class itk::AffineTransform<double,3>\n",
      "  Reference Count: 2\n",
      "  Modified Time: 6998946\n",
      "  Debug: Off\n",
      "  Object Name: \n",
      "  Observers: \n",
      "    none\n",
      "  Matrix: \n",
      "    0.999996 0.00289159 -0.000298175 \n",
      "    -0.00288788 0.999927 0.0117584 \n",
      "    0.000332154 -0.0117575 0.999931 \n",
      "  Offset: [0.189211, -0.0280814, -1.98208]\n",
      "  Center: [0.21582, -164.716, 3.50005]\n",
      "  Translation: [-0.288124, 0.0245244, -0.0456021]\n",
      "  Inverse: \n",
      "    0.999996 -0.00288788 0.000332154 \n",
      "    0.00289159 0.999927 -0.0117575 \n",
      "    -0.000298175 0.0117584 0.999931 \n",
      "  Singular: 0\n",
      "\n",
      "25% : CTAT-001-Perf_DAWN_PERFUSION_20180301063224_15.nii\n",
      "AffineTransform (0000016AD8E88BA0)\n",
      "  RTTI typeinfo:   class itk::AffineTransform<double,3>\n",
      "  Reference Count: 2\n",
      "  Modified Time: 8163866\n",
      "  Debug: Off\n",
      "  Object Name: \n",
      "  Observers: \n",
      "    none\n",
      "  Matrix: \n",
      "    0.999998 -0.000488274 -0.00174624 \n",
      "    0.000506423 0.999946 0.0104078 \n",
      "    0.00174106 -0.0104086 0.999944 \n",
      "  Offset: [-0.118653, 0.0309307, -1.92931]\n",
      "  Center: [0.21582, -164.716, 3.50005]\n",
      "  Translation: [-0.0443387, 0.0764102, -0.21466]\n",
      "  Inverse: \n",
      "    0.999998 0.000506423 0.00174106 \n",
      "    -0.000488274 0.999946 -0.0104086 \n",
      "    -0.00174624 0.0104078 0.999944 \n",
      "  Singular: 0\n",
      "\n",
      "29% : CTAT-001-Perf_DAWN_PERFUSION_20180301063224_16.nii\n",
      "AffineTransform (0000016AD8E87840)\n",
      "  RTTI typeinfo:   class itk::AffineTransform<double,3>\n",
      "  Reference Count: 2\n",
      "  Modified Time: 9345839\n",
      "  Debug: Off\n",
      "  Object Name: \n",
      "  Observers: \n",
      "    none\n",
      "  Matrix: \n",
      "    0.999998 -0.000437079 -0.00174164 \n",
      "    0.000455472 0.999944 0.010574 \n",
      "    0.00173692 -0.0105747 0.999943 \n",
      "  Offset: [-0.167091, -0.0165616, -1.96428]\n",
      "  Center: [0.21582, -164.716, 3.50005]\n",
      "  Translation: [-0.101193, 0.0297717, -0.222279]\n",
      "  Inverse: \n",
      "    0.999998 0.000455472 0.00173692 \n",
      "    -0.000437079 0.999944 -0.0105747 \n",
      "    -0.00174164 0.010574 0.999943 \n",
      "  Singular: 0\n",
      "\n",
      "33% : CTAT-001-Perf_DAWN_PERFUSION_20180301063224_17.nii\n",
      "AffineTransform (0000016AD8E885D0)\n",
      "  RTTI typeinfo:   class itk::AffineTransform<double,3>\n",
      "  Reference Count: 2\n",
      "  Modified Time: 10509051\n",
      "  Debug: Off\n",
      "  Object Name: \n",
      "  Observers: \n",
      "    none\n",
      "  Matrix: \n",
      "    0.999997 -0.00111556 -0.00220593 \n",
      "    0.00112975 0.999979 0.00644479 \n",
      "    0.0021987 -0.00644727 0.999977 \n",
      "  Offset: [-0.131705, 0.0158265, -1.67012]\n",
      "  Center: [0.21582, -164.716, 3.50005]\n",
      "  Translation: [0.0443226, 0.0421533, -0.607758]\n",
      "  Inverse: \n",
      "    0.999997 0.00112975 0.0021987 \n",
      "    -0.00111556 0.999979 -0.00644727 \n",
      "    -0.00220593 0.00644479 0.999977 \n",
      "  Singular: 0\n",
      "\n",
      "38% : CTAT-001-Perf_DAWN_PERFUSION_20180301063224_18.nii\n",
      "AffineTransform (0000016AD8E889B0)\n",
      "  RTTI typeinfo:   class itk::AffineTransform<double,3>\n",
      "  Reference Count: 2\n",
      "  Modified Time: 11673399\n",
      "  Debug: Off\n",
      "  Object Name: \n",
      "  Observers: \n",
      "    none\n",
      "  Matrix: \n",
      "    0.999996 8.38036e-05 -0.00281378 \n",
      "    -5.97235e-05 0.999963 0.00855688 \n",
      "    0.0028144 -0.00855668 0.999959 \n",
      "  Offset: [-0.0597167, 0.0506273, -2.09773]\n",
      "  Center: [0.21582, -164.716, 3.50005]\n",
      "  Translation: [-0.0833697, 0.0865946, -0.687844]\n",
      "  Inverse: \n",
      "    0.999996 -5.97235e-05 0.0028144 \n",
      "    8.38036e-05 0.999963 -0.00855668 \n",
      "    -0.00281378 0.00855688 0.999959 \n",
      "  Singular: 0\n",
      "\n",
      "42% : CTAT-001-Perf_DAWN_PERFUSION_20180301063224_19.nii\n",
      "AffineTransform (0000016AD8E87270)\n",
      "  RTTI typeinfo:   class itk::AffineTransform<double,3>\n",
      "  Reference Count: 2\n",
      "  Modified Time: 12855190\n",
      "  Debug: Off\n",
      "  Object Name: \n",
      "  Observers: \n",
      "    none\n",
      "  Matrix: \n",
      "    0.999997 -0.000505964 -0.00218248 \n",
      "    0.000522558 0.999971 0.00760939 \n",
      "    0.00217856 -0.00761051 0.999969 \n",
      "  Offset: [-0.0819105, 0.028077, -2.10425]\n",
      "  Center: [0.21582, -164.716, 3.50005]\n",
      "  Translation: [-0.00620941, 0.0596144, -0.850315]\n",
      "  Inverse: \n",
      "    0.999997 0.000522558 0.00217856 \n",
      "    -0.000505964 0.999971 -0.00761051 \n",
      "    -0.00218248 0.00760939 0.999969 \n",
      "  Singular: 0\n",
      "\n",
      "46% : CTAT-001-Perf_DAWN_PERFUSION_20180301063224_20.nii\n",
      "AffineTransform (0000016AD8E885D0)\n",
      "  RTTI typeinfo:   class itk::AffineTransform<double,3>\n",
      "  Reference Count: 2\n",
      "  Modified Time: 14041180\n",
      "  Debug: Off\n",
      "  Object Name: \n",
      "  Observers: \n",
      "    none\n",
      "  Matrix: \n",
      "    0.999997 3.81945e-05 -0.00234248 \n",
      "    -1.86782e-05 0.999965 0.0083309 \n",
      "    0.00234272 -0.00833084 0.999963 \n",
      "  Offset: [-0.0609873, 0.0416099, -2.27103]\n",
      "  Center: [0.21582, -164.716, 3.50005]\n",
      "  Translation: [-0.0754779, 0.0764805, -0.898436]\n",
      "  Inverse: \n",
      "    0.999997 -1.86782e-05 0.00234272 \n",
      "    3.81945e-05 0.999965 -0.00833084 \n",
      "    -0.00234248 0.0083309 0.999963 \n",
      "  Singular: 0\n",
      "\n",
      "50% : CTAT-001-Perf_DAWN_PERFUSION_20180301063224_21.nii\n",
      "AffineTransform (0000016AD8E887C0)\n",
      "  RTTI typeinfo:   class itk::AffineTransform<double,3>\n",
      "  Reference Count: 2\n",
      "  Modified Time: 15214351\n",
      "  Debug: Off\n",
      "  Object Name: \n",
      "  Observers: \n",
      "    none\n",
      "  Matrix: \n",
      "    0.999998 -4.31471e-05 -0.00183381 \n",
      "    5.65406e-05 0.999973 0.0073042 \n",
      "    0.00183345 -0.00730429 0.999972 \n",
      "  Offset: [-0.0198964, 0.0103705, -2.26808]\n",
      "  Center: [0.21582, -164.716, 3.50005]\n",
      "  Translation: [-0.0192082, 0.0403419, -1.06465]\n",
      "  Inverse: \n",
      "    0.999998 5.65406e-05 0.00183345 \n",
      "    -4.31471e-05 0.999973 -0.00730429 \n",
      "    -0.00183381 0.0073042 0.999972 \n",
      "  Singular: 0\n",
      "\n"
     ]
    },
    {
     "name": "stdout",
     "output_type": "stream",
     "text": [
      "54% : CTAT-001-Perf_DAWN_PERFUSION_20180301063224_22.nii\n",
      "AffineTransform (0000016AD8E87A30)\n",
      "  RTTI typeinfo:   class itk::AffineTransform<double,3>\n",
      "  Reference Count: 2\n",
      "  Modified Time: 16378133\n",
      "  Debug: Off\n",
      "  Object Name: \n",
      "  Observers: \n",
      "    none\n",
      "  Matrix: \n",
      "    0.999998 0.000835451 -0.00180786 \n",
      "    -0.00082212 0.999973 0.00736196 \n",
      "    0.00181396 -0.00736045 0.999971 \n",
      "  Offset: [0.0212909, 0.0140843, -2.28168]\n",
      "  Center: [0.21582, -164.716, 3.50005]\n",
      "  Translation: [-0.122649, 0.0441935, -1.069]\n",
      "  Inverse: \n",
      "    0.999998 -0.00082212 0.00181396 \n",
      "    0.000835451 0.999973 -0.00736045 \n",
      "    -0.00180786 0.00736196 0.999971 \n",
      "  Singular: 0\n",
      "\n",
      "58% : CTAT-001-Perf_DAWN_PERFUSION_20180301063224_23.nii\n",
      "AffineTransform (0000016AD8E87E10)\n",
      "  RTTI typeinfo:   class itk::AffineTransform<double,3>\n",
      "  Reference Count: 2\n",
      "  Modified Time: 17543829\n",
      "  Debug: Off\n",
      "  Object Name: \n",
      "  Observers: \n",
      "    none\n",
      "  Matrix: \n",
      "    0.999998 0.000414069 -0.00202137 \n",
      "    -0.000401395 0.99998 0.00626608 \n",
      "    0.00202393 -0.00626525 0.999978 \n",
      "  Offset: [0.0109907, -0.0241531, -2.23765]\n",
      "  Center: [0.21582, -164.716, 3.50005]\n",
      "  Translation: [-0.0642883, 0.000938858, -1.2053]\n",
      "  Inverse: \n",
      "    0.999998 -0.000401395 0.00202393 \n",
      "    0.000414069 0.99998 -0.00626525 \n",
      "    -0.00202137 0.00626608 0.999978 \n",
      "  Singular: 0\n",
      "\n",
      "62% : CTAT-001-Perf_DAWN_PERFUSION_20180301063224_24.nii\n",
      "AffineTransform (0000016AD8E87A30)\n",
      "  RTTI typeinfo:   class itk::AffineTransform<double,3>\n",
      "  Reference Count: 2\n",
      "  Modified Time: 18707811\n",
      "  Debug: Off\n",
      "  Object Name: \n",
      "  Observers: \n",
      "    none\n",
      "  Matrix: \n",
      "    0.999996 0.00161929 -0.0024075 \n",
      "    -0.00160098 0.99997 0.0075857 \n",
      "    0.00241971 -0.00758181 0.999968 \n",
      "  Offset: [0.135685, 0.0234066, -2.4871]\n",
      "  Center: [0.21582, -164.716, 3.50005]\n",
      "  Translation: [-0.139464, 0.0545617, -1.23784]\n",
      "  Inverse: \n",
      "    0.999996 -0.00160098 0.00241971 \n",
      "    0.00161929 0.99997 -0.00758181 \n",
      "    -0.0024075 0.0075857 0.999968 \n",
      "  Singular: 0\n",
      "\n",
      "67% : CTAT-001-Perf_DAWN_PERFUSION_20180301063224_25.nii\n",
      "AffineTransform (0000016AD8E87080)\n",
      "  RTTI typeinfo:   class itk::AffineTransform<double,3>\n",
      "  Reference Count: 2\n",
      "  Modified Time: 19873327\n",
      "  Debug: Off\n",
      "  Object Name: \n",
      "  Observers: \n",
      "    none\n",
      "  Matrix: \n",
      "    0.999997 0.00013955 -0.00263195 \n",
      "    -0.000122546 0.999979 0.00645946 \n",
      "    0.0026328 -0.00645912 0.999976 \n",
      "  Offset: [0.00395211, -0.0538423, -2.48215]\n",
      "  Center: [0.21582, -164.716, 3.50005]\n",
      "  Translation: [-0.0282466, -0.0278227, -1.41775]\n",
      "  Inverse: \n",
      "    0.999997 -0.000122546 0.0026328 \n",
      "    0.00013955 0.999979 -0.00645912 \n",
      "    -0.00263195 0.00645946 0.999976 \n",
      "  Singular: 0\n",
      "\n",
      "71% : CTAT-001-Perf_DAWN_PERFUSION_20180301063224_26.nii\n",
      "AffineTransform (0000016AD8E881F0)\n",
      "  RTTI typeinfo:   class itk::AffineTransform<double,3>\n",
      "  Reference Count: 2\n",
      "  Modified Time: 21037103\n",
      "  Debug: Off\n",
      "  Object Name: \n",
      "  Observers: \n",
      "    none\n",
      "  Matrix: \n",
      "    0.999997 0.000204226 -0.00262003 \n",
      "    -0.000180932 0.99996 0.00888774 \n",
      "    0.00262174 -0.00888723 0.999957 \n",
      "  Offset: [-0.0312998, 0.00442329, -2.94506]\n",
      "  Center: [0.21582, -164.716, 3.50005]\n",
      "  Translation: [-0.0741101, 0.0420002, -1.48078]\n",
      "  Inverse: \n",
      "    0.999997 -0.000180932 0.00262174 \n",
      "    0.000204226 0.99996 -0.00888723 \n",
      "    -0.00262003 0.00888774 0.999957 \n",
      "  Singular: 0\n",
      "\n",
      "75% : CTAT-001-Perf_DAWN_PERFUSION_20180301063224_27.nii\n",
      "AffineTransform (0000016AD8E887C0)\n",
      "  RTTI typeinfo:   class itk::AffineTransform<double,3>\n",
      "  Reference Count: 2\n",
      "  Modified Time: 22201653\n",
      "  Debug: Off\n",
      "  Object Name: \n",
      "  Observers: \n",
      "    none\n",
      "  Matrix: \n",
      "    0.999996 -0.000228669 -0.00271088 \n",
      "    0.000250747 0.999967 0.00814673 \n",
      "    0.00270893 -0.00814738 0.999963 \n",
      "  Offset: [-0.0294698, -0.0869463, -3.01927]\n",
      "  Center: [0.21582, -164.716, 3.50005]\n",
      "  Translation: [-0.00129349, -0.0529069, -1.67682]\n",
      "  Inverse: \n",
      "    0.999996 0.000250747 0.00270893 \n",
      "    -0.000228669 0.999967 -0.00814738 \n",
      "    -0.00271088 0.00814673 0.999963 \n",
      "  Singular: 0\n",
      "\n",
      "79% : CTAT-001-Perf_DAWN_PERFUSION_20180301063224_28.nii\n",
      "AffineTransform (0000016AD8E87E10)\n",
      "  RTTI typeinfo:   class itk::AffineTransform<double,3>\n",
      "  Reference Count: 2\n",
      "  Modified Time: 23366405\n",
      "  Debug: Off\n",
      "  Object Name: \n",
      "  Observers: \n",
      "    none\n",
      "  Matrix: \n",
      "    0.999989 0.00472862 0.000155062 \n",
      "    -0.00472908 0.999984 0.00312558 \n",
      "    -0.00014028 -0.00312628 0.999995 \n",
      "  Offset: [0.592389, -0.158101, -2.32989]\n",
      "  Center: [0.21582, -164.716, 3.50005]\n",
      "  Translation: [-0.185949, -0.145535, -1.81499]\n",
      "  Inverse: \n",
      "    0.999989 -0.00472908 -0.00014028 \n",
      "    0.00472862 0.999984 -0.00312628 \n",
      "    0.000155062 0.00312558 0.999995 \n",
      "  Singular: 0\n",
      "\n",
      "83% : CTAT-001-Perf_DAWN_PERFUSION_20180301063224_3.nii\n",
      "AffineTransform (0000016AD8E87A30)\n",
      "  RTTI typeinfo:   class itk::AffineTransform<double,3>\n",
      "  Reference Count: 2\n",
      "  Modified Time: 24530378\n",
      "  Debug: Off\n",
      "  Object Name: \n",
      "  Observers: \n",
      "    none\n",
      "  Matrix: \n",
      "    0.999988 0.00451928 -0.00171788 \n",
      "    -0.00451424 0.999986 0.00292539 \n",
      "    0.00173108 -0.0029176 0.999994 \n",
      "  Offset: [0.659956, -0.139997, -2.48799]\n",
      "  Center: [0.21582, -164.716, 3.50005]\n",
      "  Translation: [-0.0904553, -0.128349, -2.00706]\n",
      "  Inverse: \n",
      "    0.999988 -0.00451424 0.00173108 \n",
      "    0.00451928 0.999986 -0.0029176 \n",
      "    -0.00171788 0.00292539 0.999994 \n",
      "  Singular: 0\n",
      "\n",
      "88% : CTAT-001-Perf_DAWN_PERFUSION_20180301063224_6.nii\n",
      "AffineTransform (0000016AD8E885D0)\n",
      "  RTTI typeinfo:   class itk::AffineTransform<double,3>\n",
      "  Reference Count: 2\n",
      "  Modified Time: 25695498\n",
      "  Debug: Off\n",
      "  Object Name: \n",
      "  Observers: \n",
      "    none\n",
      "  Matrix: \n",
      "    0.999986 0.00500902 -0.00194873 \n",
      "    -0.00500399 0.999984 0.00257792 \n",
      "    0.00196162 -0.00256813 0.999995 \n",
      "  Offset: [0.705247, -0.17297, -2.43804]\n",
      "  Center: [0.21582, -164.716, 3.50005]\n",
      "  Translation: [-0.126642, -0.162417, -2.01463]\n",
      "  Inverse: \n",
      "    0.999986 -0.00500399 0.00196162 \n",
      "    0.00500902 0.999984 -0.00256813 \n",
      "    -0.00194873 0.00257792 0.999995 \n",
      "  Singular: 0\n",
      "\n",
      "92% : CTAT-001-Perf_DAWN_PERFUSION_20180301063224_7.nii\n",
      "AffineTransform (0000016AD8E88BA0)\n",
      "  RTTI typeinfo:   class itk::AffineTransform<double,3>\n",
      "  Reference Count: 2\n",
      "  Modified Time: 26862347\n",
      "  Debug: Off\n",
      "  Object Name: \n",
      "  Observers: \n",
      "    none\n",
      "  Matrix: \n",
      "    0.999985 0.00488217 -0.00233973 \n",
      "    -0.0048746 0.999983 0.00322891 \n",
      "    0.00235546 -0.00321746 0.999992 \n",
      "  Offset: [0.735926, -0.152312, -2.61168]\n",
      "  Center: [0.21582, -164.716, 3.50005]\n",
      "  Translation: [-0.0764372, -0.139247, -2.08123]\n",
      "  Inverse: \n",
      "    0.999985 -0.0048746 0.00235546 \n",
      "    0.00488217 0.999983 -0.00321746 \n",
      "    -0.00233973 0.00322891 0.999992 \n",
      "  Singular: 0\n",
      "\n",
      "96% : CTAT-001-Perf_DAWN_PERFUSION_20180301063224_8.nii\n",
      "AffineTransform (0000016AD8E885D0)\n",
      "  RTTI typeinfo:   class itk::AffineTransform<double,3>\n",
      "  Reference Count: 2\n",
      "  Modified Time: 28033995\n",
      "  Debug: Off\n",
      "  Object Name: \n",
      "  Observers: \n",
      "    none\n",
      "  Matrix: \n",
      "    0.999981 0.00585062 -0.0020928 \n",
      "    -0.00584457 0.999979 0.00288449 \n",
      "    0.00210964 -0.00287221 0.999994 \n",
      "  Offset: [0.836384, -0.173792, -2.52382]\n",
      "  Center: [0.21582, -164.716, 3.50005]\n",
      "  Translation: [-0.134634, -0.161459, -2.05029]\n",
      "  Inverse: \n",
      "    0.999981 -0.00584457 0.00210964 \n",
      "    0.00585062 0.999979 -0.00287221 \n",
      "    -0.0020928 0.00288449 0.999994 \n",
      "  Singular: 0\n",
      "\n",
      "100% : CTAT-001-Perf_DAWN_PERFUSION_20180301063224_9.nii\n",
      "Done\n"
     ]
    }
   ],
   "source": [
    "Dimension = 3\n",
    "PixelType = itk.ctype('float')\n",
    "ImageType = itk.Image[PixelType, Dimension]\n",
    "\n",
    "imdatamax = itk.GetArrayFromImage(im0)\n",
    "imdatamin = imdatamax\n",
    "\n",
    "imMoving0Blur = im0Blur\n",
    "\n",
    "for imNum in range(num_images):\n",
    "    imMoving = itk.imread( directory + pic_folder[imNum], itk.F )\n",
    "    \n",
    "    immath.SetInput(imMoving)\n",
    "    immath.Blur(0.5)\n",
    "    imMovingBlur = immath.GetOutput()\n",
    "    \n",
    "    imreg = ttk.RegisterImages[ImageType].New()\n",
    "    imreg.SetFixedImage(imMoving0Blur)\n",
    "    imreg.SetMovingImage(imMovingBlur)\n",
    "    imreg.SetRigidMaxIterations(3000)\n",
    "    imreg.SetRegistration(\"RIGID\")\n",
    "    imreg.SetExpectedOffsetMagnitude(20)\n",
    "    imreg.SetExpectedRotationMagnitude(0.3)\n",
    "    imreg.SetMetric(\"MEAN_SQUARED_ERROR_METRIC\")\n",
    "    imreg.SetFixedImageMaskObject(maskObj)\n",
    "    imreg.SetSampleFromOverlap(True)\n",
    "    imreg.SetReportProgress(True)\n",
    "    imreg.Update()\n",
    "    tfm = imreg.GetCurrentMatrixTransform()\n",
    "    imMoving0Blur = imreg.GetFinalMovingImage(\"LINEAR_INTERPOLATION\", -1024)\n",
    "    imMoving0 = imreg.ResampleImage(\"LINEAR_INTERPOLATION\", imMoving, tfm, -1024)\n",
    "    \n",
    "    itk.imwrite( imMoving0, directory2 + pic_folder[imNum], compression=True )\n",
    "    \n",
    "\n",
    "    print(tfm)\n",
    "    \n",
    "    imdataTmp = itk.GetArrayFromImage(imMoving0)\n",
    "    imdatamax = np.maximum(imdatamax,imdataTmp)\n",
    "    imdatamin = np.minimum(imdatamin,imdataTmp)\n",
    "    \n",
    "    #out = itk.GetImageFromArray(imdatamax)\n",
    "    #out.CopyInformation(im0)\n",
    "    #itk.imwrite(out, (directory3 + 'max' + str(imNum) + '.nrrd'))\n",
    "    \n",
    "    percent = (imNum + 1) / num_images * 100\n",
    "    print(str(round(percent)) + '% : ' + pic_folder[imNum])\n",
    "    \n",
    "print('Done')    "
   ]
  },
  {
   "cell_type": "code",
   "execution_count": 5,
   "metadata": {},
   "outputs": [
    {
     "name": "stdout",
     "output_type": "stream",
     "text": [
      "Done\n"
     ]
    }
   ],
   "source": [
    "out = itk.GetImageFromArray(imdatamax)\n",
    "out.CopyInformation(im0)\n",
    "itk.imwrite(out, (directory3 + 'max.nrrd'), compression=True)\n",
    "\n",
    "out = itk.GetImageFromArray(imdatamin)\n",
    "out.CopyInformation(im0)\n",
    "itk.imwrite(out, (directory3 + 'min.nrrd'), compression=True)\n",
    "\n",
    "out = itk.GetImageFromArray(imdatamax - imdatamin)\n",
    "out.CopyInformation(im0)\n",
    "itk.imwrite(out, (directory3 + 'diff.nrrd'), compression=True)\n",
    "\n",
    "print('Done')"
   ]
  },
  {
   "cell_type": "code",
   "execution_count": 6,
   "metadata": {},
   "outputs": [
    {
     "data": {
      "application/vnd.jupyter.widget-view+json": {
       "model_id": "7da2636353ab49168e45d603d36fb902",
       "version_major": 2,
       "version_minor": 0
      },
      "text/plain": [
       "Viewer(geometries=[], gradient_opacity=0.22, point_sets=[], rendered_image=<itk.itkImagePython.itkImageF3; pro…"
      ]
     },
     "metadata": {},
     "output_type": "display_data"
    }
   ],
   "source": [
    "view(out)"
   ]
  },
  {
   "cell_type": "code",
   "execution_count": null,
   "metadata": {},
   "outputs": [],
   "source": []
  }
 ],
 "metadata": {
  "kernelspec": {
   "display_name": "Python 3",
   "language": "python",
   "name": "python3"
  },
  "language_info": {
   "codemirror_mode": {
    "name": "ipython",
    "version": 3
   },
   "file_extension": ".py",
   "mimetype": "text/x-python",
   "name": "python",
   "nbconvert_exporter": "python",
   "pygments_lexer": "ipython3",
   "version": "3.7.6"
  }
 },
 "nbformat": 4,
 "nbformat_minor": 2
}
