{
 "cells": [
  {
   "cell_type": "code",
   "execution_count": 1,
   "metadata": {},
   "outputs": [],
   "source": [
    "import os \n",
    "import sys\n",
    "import glob\n",
    "import numpy as np\n",
    "import itk\n",
    "from itk import TubeTK as ttk\n",
    "from itkwidgets import view"
   ]
  },
  {
   "cell_type": "code",
   "execution_count": 2,
   "metadata": {},
   "outputs": [
    {
     "name": "stdout",
     "output_type": "stream",
     "text": [
      "['CTAT-003-Dawn_DAWN_PERFUSION_20180401112510_10.nii', 'CTAT-003-Dawn_DAWN_PERFUSION_20180401112510_11.nii', 'CTAT-003-Dawn_DAWN_PERFUSION_20180401112510_12.nii', 'CTAT-003-Dawn_DAWN_PERFUSION_20180401112510_13.nii', 'CTAT-003-Dawn_DAWN_PERFUSION_20180401112510_14.nii', 'CTAT-003-Dawn_DAWN_PERFUSION_20180401112510_15.nii', 'CTAT-003-Dawn_DAWN_PERFUSION_20180401112510_16.nii', 'CTAT-003-Dawn_DAWN_PERFUSION_20180401112510_17.nii', 'CTAT-003-Dawn_DAWN_PERFUSION_20180401112510_18.nii', 'CTAT-003-Dawn_DAWN_PERFUSION_20180401112510_19.nii', 'CTAT-003-Dawn_DAWN_PERFUSION_20180401112510_20.nii', 'CTAT-003-Dawn_DAWN_PERFUSION_20180401112510_21.nii', 'CTAT-003-Dawn_DAWN_PERFUSION_20180401112510_22.nii', 'CTAT-003-Dawn_DAWN_PERFUSION_20180401112510_23.nii', 'CTAT-003-Dawn_DAWN_PERFUSION_20180401112510_24.nii', 'CTAT-003-Dawn_DAWN_PERFUSION_20180401112510_25.nii', 'CTAT-003-Dawn_DAWN_PERFUSION_20180401112510_26.nii', 'CTAT-003-Dawn_DAWN_PERFUSION_20180401112510_27.nii', 'CTAT-003-Dawn_DAWN_PERFUSION_20180401112510_28.nii', 'CTAT-003-Dawn_DAWN_PERFUSION_20180401112510_29.nii', 'CTAT-003-Dawn_DAWN_PERFUSION_20180401112510_3.nii', 'CTAT-003-Dawn_DAWN_PERFUSION_20180401112510_30.nii', 'CTAT-003-Dawn_DAWN_PERFUSION_20180401112510_31.nii', 'CTAT-003-Dawn_DAWN_PERFUSION_20180401112510_32.nii', 'CTAT-003-Dawn_DAWN_PERFUSION_20180401112510_4.nii', 'CTAT-003-Dawn_DAWN_PERFUSION_20180401112510_5.nii', 'CTAT-003-Dawn_DAWN_PERFUSION_20180401112510_6.nii', 'CTAT-003-Dawn_DAWN_PERFUSION_20180401112510_7.nii', 'CTAT-003-Dawn_DAWN_PERFUSION_20180401112510_8.nii', 'CTAT-003-Dawn_DAWN_PERFUSION_20180401112510_9.nii']\n"
     ]
    }
   ],
   "source": [
    "# NRRD Study Name\n",
    "studyname = 'G:/My Drive/Projects/Proj_UNC_StrokeCollaterals/Experiments/UNC/CTP/CTAT-003'\n",
    "\n",
    "# NRRD Files\n",
    "directory = (studyname + '/')\n",
    "\n",
    "# Saved NRRD Files \n",
    "directory2 = (studyname + '-Reg/')\n",
    "\n",
    "# Mask Creation and Location\n",
    "directory3 = (studyname + '-MinMax/')\n",
    "\n",
    "pic_folder = os.listdir(directory)\n",
    "pic_folder = [pic_folder for pic_folder in pic_folder if \".nii\" in pic_folder]\n",
    "pic_folder.sort()\n",
    "print(pic_folder)\n",
    "num_images = len(pic_folder)\n",
    "\n",
    "im0Tmp = itk.imread(directory + pic_folder[int(num_images/2)], itk.F)\n",
    "\n",
    "resample = ttk.ResampleImage.New(Input=im0Tmp,MakeIsotropic=True)\n",
    "resample.Update()\n",
    "im0 = resample.GetOutput()\n",
    "immath = ttk.ImageMath.New(Input=im0)\n",
    "immath.Blur(1)\n",
    "im0Blur = immath.GetOutput()\n",
    "\n",
    "immath.Threshold(150, 800, 1, 0)\n",
    "immath.Dilate(10, 1, 0)\n",
    "mask0 = immath.GetOutputUChar()\n",
    "mask0Tmp = itk.GetArrayViewFromImage(mask0)\n",
    "mask0Tmp[0:4,:,:] = 0\n",
    "sizeZ = mask0Tmp.shape[0]\n",
    "mask0Tmp[sizeZ-4:sizeZ,:,:] = 0   #No need to update mask0 since mask0Tmp is a view of mask0 (shared memory)\n",
    "\n",
    "itk.imwrite(mask0, directory3 + 'mask.mha', compression=True)\n",
    "maskObj = itk.ImageMaskSpatialObject[3].New()\n",
    "maskObj.SetImage(mask0)\n",
    "maskObj.Update()"
   ]
  },
  {
   "cell_type": "code",
   "execution_count": 3,
   "metadata": {},
   "outputs": [
    {
     "data": {
      "application/vnd.jupyter.widget-view+json": {
       "model_id": "bfe3d73717b44d4ba52718a87f7c7cd5",
       "version_major": 2,
       "version_minor": 0
      },
      "text/plain": [
       "Viewer(geometries=[], gradient_opacity=0.22, point_sets=[], rendered_image=<itk.itkImagePython.itkImageUC3; pr…"
      ]
     },
     "metadata": {},
     "output_type": "display_data"
    }
   ],
   "source": [
    "view(mask0)"
   ]
  },
  {
   "cell_type": "code",
   "execution_count": 4,
   "metadata": {
    "scrolled": true
   },
   "outputs": [
    {
     "name": "stdout",
     "output_type": "stream",
     "text": [
      "AffineTransform (0000023224F3EB40)\n",
      "  RTTI typeinfo:   class itk::AffineTransform<double,3>\n",
      "  Reference Count: 2\n",
      "  Modified Time: 1462276\n",
      "  Debug: Off\n",
      "  Object Name: \n",
      "  Observers: \n",
      "    none\n",
      "  Matrix: \n",
      "    0.999997 0.000123695 -0.0023051 \n",
      "    -0.000127365 0.999999 -0.00159202 \n",
      "    0.0023049 0.00159231 0.999996 \n",
      "  Offset: [0.700482, 0.48526, 0.183581]\n",
      "  Center: [0.203125, -194.703, 310.999]\n",
      "  Translation: [-0.0404864, -0.00963405, -0.127199]\n",
      "  Inverse: \n",
      "    0.999997 -0.000127365 0.0023049 \n",
      "    0.000123695 0.999999 0.00159231 \n",
      "    -0.0023051 -0.00159202 0.999996 \n",
      "  Singular: 0\n",
      "\n",
      "3% : CTAT-003-Dawn_DAWN_PERFUSION_20180401112510_10.nii\n",
      "AffineTransform (0000023224F3E760)\n",
      "  RTTI typeinfo:   class itk::AffineTransform<double,3>\n",
      "  Reference Count: 2\n",
      "  Modified Time: 2929748\n",
      "  Debug: Off\n",
      "  Object Name: \n",
      "  Observers: \n",
      "    none\n",
      "  Matrix: \n",
      "    0.999999 -1.69432e-05 -0.00164264 \n",
      "    1.588e-05 1 -0.000647238 \n",
      "    0.00164265 0.000647211 0.999998 \n",
      "  Offset: [0.470139, 0.183714, 0.186932]\n",
      "  Center: [0.203125, -194.703, 310.999]\n",
      "  Translation: [-0.0374209, -0.0175325, 0.0607668]\n",
      "  Inverse: \n",
      "    0.999999 1.588e-05 0.00164265 \n",
      "    -1.69432e-05 1 0.000647211 \n",
      "    -0.00164264 -0.000647238 0.999998 \n",
      "  Singular: 0\n",
      "\n",
      "7% : CTAT-003-Dawn_DAWN_PERFUSION_20180401112510_11.nii\n",
      "AffineTransform (0000023224F3F300)\n",
      "  RTTI typeinfo:   class itk::AffineTransform<double,3>\n",
      "  Reference Count: 2\n",
      "  Modified Time: 4392422\n",
      "  Debug: Off\n",
      "  Object Name: \n",
      "  Observers: \n",
      "    none\n",
      "  Matrix: \n",
      "    1 0.000585819 -0.00041705 \n",
      "    -0.000586305 0.999999 -0.0011668 \n",
      "    0.000416366 0.00116704 0.999999 \n",
      "  Offset: [0.195558, 0.335744, 0.00402326]\n",
      "  Center: [0.203125, -194.703, 310.999]\n",
      "  Translation: [-0.0482045, -0.0270812, -0.223358]\n",
      "  Inverse: \n",
      "    1 -0.000586305 0.000416366 \n",
      "    0.000585819 0.999999 0.00116704 \n",
      "    -0.00041705 -0.0011668 0.999999 \n",
      "  Singular: 0\n",
      "\n",
      "10% : CTAT-003-Dawn_DAWN_PERFUSION_20180401112510_12.nii\n",
      "AffineTransform (0000023224F3F110)\n",
      "  RTTI typeinfo:   class itk::AffineTransform<double,3>\n",
      "  Reference Count: 2\n",
      "  Modified Time: 5848860\n",
      "  Debug: Off\n",
      "  Object Name: \n",
      "  Observers: \n",
      "    none\n",
      "  Matrix: \n",
      "    1 0.000196448 -0.00012806 \n",
      "    -0.000196431 1 0.000132565 \n",
      "    0.000128086 -0.00013254 1 \n",
      "  Offset: [0.0577917, -0.0492386, -0.00803336]\n",
      "  Center: [0.203125, -194.703, 310.999]\n",
      "  Translation: [-0.020284, -0.00804534, 0.0177934]\n",
      "  Inverse: \n",
      "    1 -0.000196431 0.000128086 \n",
      "    0.000196448 1 -0.00013254 \n",
      "    -0.00012806 0.000132565 1 \n",
      "  Singular: 0\n",
      "\n",
      "13% : CTAT-003-Dawn_DAWN_PERFUSION_20180401112510_13.nii\n",
      "AffineTransform (0000023224F3E950)\n",
      "  RTTI typeinfo:   class itk::AffineTransform<double,3>\n",
      "  Reference Count: 2\n",
      "  Modified Time: 7304588\n",
      "  Debug: Off\n",
      "  Object Name: \n",
      "  Observers: \n",
      "    none\n",
      "  Matrix: \n",
      "    1 0.000127317 0.000598537 \n",
      "    -0.000127541 1 0.000373709 \n",
      "    -0.000598489 -0.000373786 1 \n",
      "  Offset: [-0.178468, -0.138789, -0.130416]\n",
      "  Center: [0.203125, -194.703, 310.999]\n",
      "  Translation: [-0.0171127, -0.022577, -0.0578377]\n",
      "  Inverse: \n",
      "    1 -0.000127541 -0.000598489 \n",
      "    0.000127317 1 -0.000373786 \n",
      "    0.000598537 0.000373709 1 \n",
      "  Singular: 0\n",
      "\n",
      "17% : CTAT-003-Dawn_DAWN_PERFUSION_20180401112510_14.nii\n",
      "AffineTransform (0000023224F3F4F0)\n",
      "  RTTI typeinfo:   class itk::AffineTransform<double,3>\n",
      "  Reference Count: 2\n",
      "  Modified Time: 8759842\n",
      "  Debug: Off\n",
      "  Object Name: \n",
      "  Observers: \n",
      "    none\n",
      "  Matrix: \n",
      "    0.999999 0.000558435 0.00156611 \n",
      "    -0.000557887 1 -0.000349844 \n",
      "    -0.00156631 0.00034897 0.999999 \n",
      "  Offset: [-0.446467, 0.0876682, -0.000731425]\n",
      "  Center: [0.203125, -194.703, 310.999]\n",
      "  Translation: [-0.0681362, -0.0212039, -0.0693955]\n",
      "  Inverse: \n",
      "    0.999999 -0.000557887 -0.00156631 \n",
      "    0.000558435 1 0.00034897 \n",
      "    0.00156611 -0.000349844 0.999999 \n",
      "  Singular: 0\n",
      "\n",
      "20% : CTAT-003-Dawn_DAWN_PERFUSION_20180401112510_15.nii\n",
      "AffineTransform (0000023224F3F300)\n",
      "  RTTI typeinfo:   class itk::AffineTransform<double,3>\n",
      "  Reference Count: 2\n",
      "  Modified Time: 10233301\n",
      "  Debug: Off\n",
      "  Object Name: \n",
      "  Observers: \n",
      "    none\n",
      "  Matrix: \n",
      "    1 0.000485148 0.000765177 \n",
      "    -0.000486172 0.999999 0.0013381 \n",
      "    -0.000764527 -0.00133847 0.999999 \n",
      "  Offset: [-0.139228, -0.434706, -0.252134]\n",
      "  Center: [0.203125, -194.703, 310.999]\n",
      "  Translation: [0.00428146, -0.0184606, 0.0079455]\n",
      "  Inverse: \n",
      "    1 -0.000486172 -0.000764527 \n",
      "    0.000485148 0.999999 -0.00133847 \n",
      "    0.000765177 0.0013381 0.999999 \n",
      "  Singular: 0\n",
      "\n",
      "23% : CTAT-003-Dawn_DAWN_PERFUSION_20180401112510_16.nii\n",
      "AffineTransform (0000023224F3F110)\n",
      "  RTTI typeinfo:   class itk::AffineTransform<double,3>\n",
      "  Reference Count: 2\n",
      "  Modified Time: 11688548\n",
      "  Debug: Off\n",
      "  Object Name: \n",
      "  Observers: \n",
      "    none\n",
      "  Matrix: \n",
      "    1 0.000350823 0.000316671 \n",
      "    -0.000351437 0.999998 0.00193865 \n",
      "    -0.00031599 -0.00193876 0.999998 \n",
      "  Offset: [-0.0792899, -0.652302, -0.36378]\n",
      "  Center: [0.203125, -194.703, 310.999]\n",
      "  Translation: [-0.0491121, -0.0490784, 0.0130378]\n",
      "  Inverse: \n",
      "    1 -0.000351437 -0.00031599 \n",
      "    0.000350823 0.999998 -0.00193876 \n",
      "    0.000316671 0.00193865 0.999998 \n",
      "  Singular: 0\n",
      "\n",
      "27% : CTAT-003-Dawn_DAWN_PERFUSION_20180401112510_17.nii\n",
      "AffineTransform (0000023224F3F300)\n",
      "  RTTI typeinfo:   class itk::AffineTransform<double,3>\n",
      "  Reference Count: 2\n",
      "  Modified Time: 13145710\n",
      "  Debug: Off\n",
      "  Object Name: \n",
      "  Observers: \n",
      "    none\n",
      "  Matrix: \n",
      "    0.999999 0.000488057 0.0009348 \n",
      "    -0.000489592 0.999999 0.0016427 \n",
      "    -0.000933997 -0.00164316 0.999998 \n",
      "  Offset: [-0.235669, -0.529621, -0.445307]\n",
      "  Center: [0.203125, -194.703, 310.999]\n",
      "  Translation: [-0.0399731, -0.0185549, -0.126124]\n",
      "  Inverse: \n",
      "    0.999999 -0.000489592 -0.000933997 \n",
      "    0.000488057 0.999999 -0.00164316 \n",
      "    0.0009348 0.0016427 0.999998 \n",
      "  Singular: 0\n",
      "\n",
      "30% : CTAT-003-Dawn_DAWN_PERFUSION_20180401112510_18.nii\n",
      "AffineTransform (0000023224F3E950)\n",
      "  RTTI typeinfo:   class itk::AffineTransform<double,3>\n",
      "  Reference Count: 2\n",
      "  Modified Time: 14618221\n",
      "  Debug: Off\n",
      "  Object Name: \n",
      "  Observers: \n",
      "    none\n",
      "  Matrix: \n",
      "    0.999999 0.000297121 0.0013304 \n",
      "    -0.00029969 0.999998 0.00193142 \n",
      "    -0.00132982 -0.00193182 0.999997 \n",
      "  Offset: [-0.366349, -0.628906, -0.297662]\n",
      "  Center: [0.203125, -194.703, 310.999]\n",
      "  Translation: [-0.0104469, -0.0279249, 0.077344]\n",
      "  Inverse: \n",
      "    0.999999 -0.00029969 -0.00132982 \n",
      "    0.000297121 0.999998 -0.00193182 \n",
      "    0.0013304 0.00193142 0.999997 \n",
      "  Singular: 0\n",
      "\n",
      "33% : CTAT-003-Dawn_DAWN_PERFUSION_20180401112510_19.nii\n",
      "AffineTransform (0000023224F3F4F0)\n",
      "  RTTI typeinfo:   class itk::AffineTransform<double,3>\n",
      "  Reference Count: 2\n",
      "  Modified Time: 16073711\n",
      "  Debug: Off\n",
      "  Object Name: \n",
      "  Observers: \n",
      "    none\n",
      "  Matrix: \n",
      "    1 0.000270131 0.000696593 \n",
      "    -0.00027337 0.999989 0.00465356 \n",
      "    -0.000695329 -0.00465375 0.999989 \n",
      "  Offset: [-0.185466, -1.5604, -0.613748]\n",
      "  Center: [0.203125, -194.703, 310.999]\n",
      "  Translation: [-0.0214215, -0.111091, 0.288767]\n",
      "  Inverse: \n",
      "    1 -0.00027337 -0.000695329 \n",
      "    0.000270131 0.999989 -0.00465375 \n",
      "    0.000696593 0.00465356 0.999989 \n",
      "  Singular: 0\n",
      "\n",
      "37% : CTAT-003-Dawn_DAWN_PERFUSION_20180401112510_20.nii\n",
      "AffineTransform (0000023224F3EF20)\n",
      "  RTTI typeinfo:   class itk::AffineTransform<double,3>\n",
      "  Reference Count: 2\n",
      "  Modified Time: 17531594\n",
      "  Debug: Off\n",
      "  Object Name: \n",
      "  Observers: \n",
      "    none\n",
      "  Matrix: \n",
      "    0.999999 0.00104593 0.00050276 \n",
      "    -0.00104706 0.999997 0.0022467 \n",
      "    -0.000500408 -0.00224723 0.999997 \n",
      "  Offset: [0.00239829, -0.766566, -0.33965]\n",
      "  Center: [0.203125, -194.703, 310.999]\n",
      "  Translation: [-0.0448907, -0.0674586, 0.0969664]\n",
      "  Inverse: \n",
      "    0.999999 -0.00104706 -0.000500408 \n",
      "    0.00104593 0.999997 -0.00224723 \n",
      "    0.00050276 0.0022467 0.999997 \n",
      "  Singular: 0\n",
      "\n",
      "40% : CTAT-003-Dawn_DAWN_PERFUSION_20180401112510_21.nii\n",
      "AffineTransform (0000023224F3E760)\n",
      "  RTTI typeinfo:   class itk::AffineTransform<double,3>\n",
      "  Reference Count: 2\n",
      "  Modified Time: 19015844\n",
      "  Debug: Off\n",
      "  Object Name: \n",
      "  Observers: \n",
      "    none\n",
      "  Matrix: \n",
      "    1 0.000661699 0.000153416 \n",
      "    -0.000661643 1 -0.000358985 \n",
      "    -0.000153653 0.000358884 1 \n",
      "  Offset: [0.0513238, 0.0926878, 0.0729914]\n",
      "  Center: [0.203125, -194.703, 310.999]\n",
      "  Translation: [-0.029799, -0.0190355, 0.00306069]\n",
      "  Inverse: \n",
      "    1 -0.000661643 -0.000153653 \n",
      "    0.000661699 1 0.000358884 \n",
      "    0.000153416 -0.000358985 1 \n",
      "  Singular: 0\n",
      "\n",
      "43% : CTAT-003-Dawn_DAWN_PERFUSION_20180401112510_22.nii\n",
      "AffineTransform (0000023224F3EF20)\n",
      "  RTTI typeinfo:   class itk::AffineTransform<double,3>\n",
      "  Reference Count: 2\n",
      "  Modified Time: 20483793\n",
      "  Debug: Off\n",
      "  Object Name: \n",
      "  Observers: \n",
      "    none\n",
      "  Matrix: \n",
      "    1 0.000235288 1.2846e-05 \n",
      "    -0.000235279 1 -0.000703355 \n",
      "    -1.30115e-05 0.000703352 1 \n",
      "  Offset: [0.00998564, 0.182629, 0.0559599]\n",
      "  Center: [0.203125, -194.703, 310.999]\n",
      "  Translation: [-0.0318307, -0.036108, -0.0810646]\n",
      "  Inverse: \n",
      "    1 -0.000235279 -1.30115e-05 \n",
      "    0.000235288 1 0.000703352 \n",
      "    1.2846e-05 -0.000703355 1 \n",
      "  Singular: 0\n",
      "\n"
     ]
    },
    {
     "name": "stdout",
     "output_type": "stream",
     "text": [
      "47% : CTAT-003-Dawn_DAWN_PERFUSION_20180401112510_23.nii\n",
      "AffineTransform (0000023224F3F300)\n",
      "  RTTI typeinfo:   class itk::AffineTransform<double,3>\n",
      "  Reference Count: 2\n",
      "  Modified Time: 21952452\n",
      "  Debug: Off\n",
      "  Object Name: \n",
      "  Observers: \n",
      "    none\n",
      "  Matrix: \n",
      "    1 0.000138642 0.000193573 \n",
      "    -0.000138444 0.999999 -0.00102422 \n",
      "    -0.000193715 0.00102419 0.999999 \n",
      "  Offset: [0.0012923, 0.343869, 0.112998]\n",
      "  Center: [0.203125, -194.703, 310.999]\n",
      "  Translation: [0.0344993, 0.0254143, -0.0866241]\n",
      "  Inverse: \n",
      "    1 -0.000138444 -0.000193715 \n",
      "    0.000138642 0.999999 0.00102419 \n",
      "    0.000193573 -0.00102422 0.999999 \n",
      "  Singular: 0\n",
      "\n",
      "50% : CTAT-003-Dawn_DAWN_PERFUSION_20180401112510_24.nii\n",
      "AffineTransform (0000023224F3E950)\n",
      "  RTTI typeinfo:   class itk::AffineTransform<double,3>\n",
      "  Reference Count: 2\n",
      "  Modified Time: 23459450\n",
      "  Debug: Off\n",
      "  Object Name: \n",
      "  Observers: \n",
      "    none\n",
      "  Matrix: \n",
      "    1 -5.90988e-07 -4.14755e-06 \n",
      "    5.91032e-07 1 1.06568e-05 \n",
      "    4.14755e-06 -1.06568e-05 1 \n",
      "  Offset: [0.0011406, -0.00318657, -0.00455429]\n",
      "  Center: [0.203125, -194.703, 310.999]\n",
      "  Translation: [-3.42177e-05, 0.000127815, -0.00247855]\n",
      "  Inverse: \n",
      "    1 5.91032e-07 4.14755e-06 \n",
      "    -5.90988e-07 1 -1.06568e-05 \n",
      "    -4.14755e-06 1.06568e-05 1 \n",
      "  Singular: 0\n",
      "\n",
      "53% : CTAT-003-Dawn_DAWN_PERFUSION_20180401112510_25.nii\n",
      "AffineTransform (0000023224F3F4F0)\n",
      "  RTTI typeinfo:   class itk::AffineTransform<double,3>\n",
      "  Reference Count: 2\n",
      "  Modified Time: 24937465\n",
      "  Debug: Off\n",
      "  Object Name: \n",
      "  Observers: \n",
      "    none\n",
      "  Matrix: \n",
      "    1 0.00047276 -0.000244299 \n",
      "    -0.000473039 0.999999 -0.00114469 \n",
      "    0.000243758 0.0011448 0.999999 \n",
      "  Offset: [0.175653, 0.364457, 0.0962548]\n",
      "  Center: [0.203125, -194.703, 310.999]\n",
      "  Translation: [0.00762831, 0.00851303, -0.126806]\n",
      "  Inverse: \n",
      "    1 -0.000473039 0.000243758 \n",
      "    0.00047276 0.999999 0.0011448 \n",
      "    -0.000244299 -0.00114469 0.999999 \n",
      "  Singular: 0\n",
      "\n",
      "57% : CTAT-003-Dawn_DAWN_PERFUSION_20180401112510_26.nii\n",
      "AffineTransform (0000023224F3ED30)\n",
      "  RTTI typeinfo:   class itk::AffineTransform<double,3>\n",
      "  Reference Count: 2\n",
      "  Modified Time: 26436810\n",
      "  Debug: Off\n",
      "  Object Name: \n",
      "  Observers: \n",
      "    none\n",
      "  Matrix: \n",
      "    1 0.000407945 0.000105682 \n",
      "    -0.000408007 1 0.000591991 \n",
      "    -0.000105441 -0.000592034 1 \n",
      "  Offset: [0.0530836, -0.16284, -0.0790511]\n",
      "  Center: [0.203125, -194.703, 310.999]\n",
      "  Translation: [0.00652253, 0.0212355, 0.0361422]\n",
      "  Inverse: \n",
      "    1 -0.000408007 -0.000105441 \n",
      "    0.000407945 1 -0.000592034 \n",
      "    0.000105682 0.000591991 1 \n",
      "  Singular: 0\n",
      "\n",
      "60% : CTAT-003-Dawn_DAWN_PERFUSION_20180401112510_27.nii\n",
      "AffineTransform (0000023224F3F4F0)\n",
      "  RTTI typeinfo:   class itk::AffineTransform<double,3>\n",
      "  Reference Count: 2\n",
      "  Modified Time: 27920832\n",
      "  Debug: Off\n",
      "  Object Name: \n",
      "  Observers: \n",
      "    none\n",
      "  Matrix: \n",
      "    1 0.000335965 0.00040806 \n",
      "    -0.000335743 1 -0.000543206 \n",
      "    -0.000408243 0.000543069 1 \n",
      "  Offset: [-0.0468838, 0.215677, -0.020055]\n",
      "  Center: [0.203125, -194.703, 310.999]\n",
      "  Translation: [0.0146091, 0.0467118, -0.125947]\n",
      "  Inverse: \n",
      "    1 -0.000335743 -0.000408243 \n",
      "    0.000335965 1 0.000543069 \n",
      "    0.00040806 -0.000543206 1 \n",
      "  Singular: 0\n",
      "\n",
      "63% : CTAT-003-Dawn_DAWN_PERFUSION_20180401112510_28.nii\n",
      "AffineTransform (0000023224F3E950)\n",
      "  RTTI typeinfo:   class itk::AffineTransform<double,3>\n",
      "  Reference Count: 2\n",
      "  Modified Time: 29383516\n",
      "  Debug: Off\n",
      "  Object Name: \n",
      "  Observers: \n",
      "    none\n",
      "  Matrix: \n",
      "    1 -0.000155631 0.000538118 \n",
      "    0.000156296 0.999999 -0.0012355 \n",
      "    -0.000537926 0.00123558 0.999999 \n",
      "  Offset: [-0.216907, 0.428654, 0.0396572]\n",
      "  Center: [0.203125, -194.703, 310.999]\n",
      "  Translation: [-0.0192507, 0.0445975, -0.201307]\n",
      "  Inverse: \n",
      "    1 0.000156296 -0.000537926 \n",
      "    -0.000155631 0.999999 0.00123558 \n",
      "    0.000538118 -0.0012355 0.999999 \n",
      "  Singular: 0\n",
      "\n",
      "67% : CTAT-003-Dawn_DAWN_PERFUSION_20180401112510_29.nii\n",
      "AffineTransform (0000023224F3E760)\n",
      "  RTTI typeinfo:   class itk::AffineTransform<double,3>\n",
      "  Reference Count: 2\n",
      "  Modified Time: 30839247\n",
      "  Debug: Off\n",
      "  Object Name: \n",
      "  Observers: \n",
      "    none\n",
      "  Matrix: \n",
      "    0.999997 -0.00019637 -0.00233146 \n",
      "    0.000200379 0.999999 0.00171956 \n",
      "    0.00233112 -0.00172002 0.999996 \n",
      "  Offset: [0.624765, -0.593781, -0.144409]\n",
      "  Center: [0.203125, -194.703, 310.999]\n",
      "  Translation: [-0.0620828, -0.058668, 0.189654]\n",
      "  Inverse: \n",
      "    0.999997 0.000200379 0.00233112 \n",
      "    -0.00019637 0.999999 -0.00172002 \n",
      "    -0.00233146 0.00171956 0.999996 \n",
      "  Singular: 0\n",
      "\n",
      "70% : CTAT-003-Dawn_DAWN_PERFUSION_20180401112510_3.nii\n",
      "AffineTransform (0000023224F3ED30)\n",
      "  RTTI typeinfo:   class itk::AffineTransform<double,3>\n",
      "  Reference Count: 2\n",
      "  Modified Time: 32294495\n",
      "  Debug: Off\n",
      "  Object Name: \n",
      "  Observers: \n",
      "    none\n",
      "  Matrix: \n",
      "    1 0.000284511 0.000266877 \n",
      "    -0.000284672 1 0.00060359 \n",
      "    -0.000266705 -0.000603666 1 \n",
      "  Offset: [-0.00369272, -0.127454, -0.249171]\n",
      "  Center: [0.203125, -194.703, 310.999]\n",
      "  Translation: [0.0239105, 0.0602474, -0.131757]\n",
      "  Inverse: \n",
      "    1 -0.000284672 -0.000266705 \n",
      "    0.000284511 1 -0.000603666 \n",
      "    0.000266877 0.00060359 1 \n",
      "  Singular: 0\n",
      "\n",
      "73% : CTAT-003-Dawn_DAWN_PERFUSION_20180401112510_30.nii\n",
      "AffineTransform (0000023224F3EF20)\n",
      "  RTTI typeinfo:   class itk::AffineTransform<double,3>\n",
      "  Reference Count: 2\n",
      "  Modified Time: 33755252\n",
      "  Debug: Off\n",
      "  Object Name: \n",
      "  Observers: \n",
      "    none\n",
      "  Matrix: \n",
      "    1 7.16277e-06 -0.000584416 \n",
      "    -6.21693e-06 0.999999 0.00161842 \n",
      "    0.000584427 -0.00161842 0.999999 \n",
      "  Offset: [0.154105, -0.473679, -0.486685]\n",
      "  Center: [0.203125, -194.703, 310.999]\n",
      "  Translation: [-0.029042, 0.0299023, -0.171915]\n",
      "  Inverse: \n",
      "    1 -6.21693e-06 0.000584427 \n",
      "    7.16277e-06 0.999999 -0.00161842 \n",
      "    -0.000584416 0.00161842 0.999999 \n",
      "  Singular: 0\n",
      "\n",
      "77% : CTAT-003-Dawn_DAWN_PERFUSION_20180401112510_31.nii\n",
      "AffineTransform (0000023224F3E760)\n",
      "  RTTI typeinfo:   class itk::AffineTransform<double,3>\n",
      "  Reference Count: 2\n",
      "  Modified Time: 35220093\n",
      "  Debug: Off\n",
      "  Object Name: \n",
      "  Observers: \n",
      "    none\n",
      "  Matrix: \n",
      "    1 0.000232917 -0.00034558 \n",
      "    -0.000231951 0.999996 0.00279291 \n",
      "    0.000346229 -0.00279283 0.999996 \n",
      "  Offset: [0.130302, -0.796211, -0.837005]\n",
      "  Center: [0.203125, -194.703, 310.999]\n",
      "  Translation: [-0.0225231, 0.0730991, -0.294392]\n",
      "  Inverse: \n",
      "    1 -0.000231951 0.000346229 \n",
      "    0.000232917 0.999996 -0.00279283 \n",
      "    -0.00034558 0.00279291 0.999996 \n",
      "  Singular: 0\n",
      "\n",
      "80% : CTAT-003-Dawn_DAWN_PERFUSION_20180401112510_32.nii\n",
      "AffineTransform (0000023224F3F300)\n",
      "  RTTI typeinfo:   class itk::AffineTransform<double,3>\n",
      "  Reference Count: 2\n",
      "  Modified Time: 36687799\n",
      "  Debug: Off\n",
      "  Object Name: \n",
      "  Observers: \n",
      "    none\n",
      "  Matrix: \n",
      "    0.999999 -0.000325835 -0.00144179 \n",
      "    0.000323697 0.999999 -0.00148257 \n",
      "    0.00144227 0.0014821 0.999998 \n",
      "  Offset: [0.330756, 0.428245, 0.34902]\n",
      "  Center: [0.203125, -194.703, 310.999]\n",
      "  Translation: [-0.0541989, -0.0325427, 0.0600784]\n",
      "  Inverse: \n",
      "    0.999999 0.000323697 0.00144227 \n",
      "    -0.000325835 0.999999 0.0014821 \n",
      "    -0.00144179 -0.00148257 0.999998 \n",
      "  Singular: 0\n",
      "\n",
      "83% : CTAT-003-Dawn_DAWN_PERFUSION_20180401112510_4.nii\n",
      "AffineTransform (0000023224F3EB40)\n",
      "  RTTI typeinfo:   class itk::AffineTransform<double,3>\n",
      "  Reference Count: 2\n",
      "  Modified Time: 38143055\n",
      "  Debug: Off\n",
      "  Object Name: \n",
      "  Observers: \n",
      "    none\n",
      "  Matrix: \n",
      "    0.999999 -0.00034182 -0.00111416 \n",
      "    0.000339355 0.999997 -0.00221199 \n",
      "    0.00111491 0.00221161 0.999997 \n",
      "  Offset: [0.207673, 0.650044, 0.45568]\n",
      "  Center: [0.203125, -194.703, 310.999]\n",
      "  Translation: [-0.0722761, -0.0373265, 0.0243452]\n",
      "  Inverse: \n",
      "    0.999999 0.000339355 0.00111491 \n",
      "    -0.00034182 0.999997 0.00221161 \n",
      "    -0.00111416 -0.00221199 0.999997 \n",
      "  Singular: 0\n",
      "\n",
      "87% : CTAT-003-Dawn_DAWN_PERFUSION_20180401112510_5.nii\n",
      "AffineTransform (0000023224F3F4F0)\n",
      "  RTTI typeinfo:   class itk::AffineTransform<double,3>\n",
      "  Reference Count: 2\n",
      "  Modified Time: 39600461\n",
      "  Debug: Off\n",
      "  Object Name: \n",
      "  Observers: \n",
      "    none\n",
      "  Matrix: \n",
      "    0.999998 -2.36095e-05 -0.00205936 \n",
      "    2.35294e-05 1 -3.88853e-05 \n",
      "    0.00205936 3.88368e-05 0.999998 \n",
      "  Offset: [0.580328, -0.0848863, 0.325369]\n",
      "  Center: [0.203125, -194.703, 310.999]\n",
      "  Translation: [-0.0555342, -0.0969746, 0.317566]\n",
      "  Inverse: \n",
      "    0.999998 2.35294e-05 0.00205936 \n",
      "    -2.36095e-05 1 3.88368e-05 \n",
      "    -0.00205936 -3.88853e-05 0.999998 \n",
      "  Singular: 0\n",
      "\n",
      "90% : CTAT-003-Dawn_DAWN_PERFUSION_20180401112510_6.nii\n"
     ]
    },
    {
     "name": "stdout",
     "output_type": "stream",
     "text": [
      "AffineTransform (0000023224F3ED30)\n",
      "  RTTI typeinfo:   class itk::AffineTransform<double,3>\n",
      "  Reference Count: 2\n",
      "  Modified Time: 41056675\n",
      "  Debug: Off\n",
      "  Object Name: \n",
      "  Observers: \n",
      "    none\n",
      "  Matrix: \n",
      "    0.999994 -0.00056618 -0.00340493 \n",
      "    0.000569993 0.999999 0.00111895 \n",
      "    0.0034043 -0.00112088 0.999994 \n",
      "  Offset: [0.838487, -0.534158, 0.267394]\n",
      "  Center: [0.203125, -194.703, 310.999]\n",
      "  Translation: [-0.110207, -0.185897, 0.484328]\n",
      "  Inverse: \n",
      "    0.999994 0.000569993 0.0034043 \n",
      "    -0.00056618 0.999999 -0.00112088 \n",
      "    -0.00340493 0.00111895 0.999994 \n",
      "  Singular: 0\n",
      "\n",
      "93% : CTAT-003-Dawn_DAWN_PERFUSION_20180401112510_7.nii\n",
      "AffineTransform (0000023224F3F110)\n",
      "  RTTI typeinfo:   class itk::AffineTransform<double,3>\n",
      "  Reference Count: 2\n",
      "  Modified Time: 42512401\n",
      "  Debug: Off\n",
      "  Object Name: \n",
      "  Observers: \n",
      "    none\n",
      "  Matrix: \n",
      "    0.999998 0.000856008 -0.00156131 \n",
      "    -0.000858991 0.999998 -0.00191123 \n",
      "    0.00155967 0.00191257 0.999997 \n",
      "  Offset: [0.56534, 0.540799, 0.429799]\n",
      "  Center: [0.203125, -194.703, 310.999]\n",
      "  Translation: [-0.0868945, -0.0533382, 0.0567862]\n",
      "  Inverse: \n",
      "    0.999998 -0.000858991 0.00155967 \n",
      "    0.000856008 0.999998 0.00191257 \n",
      "    -0.00156131 -0.00191123 0.999997 \n",
      "  Singular: 0\n",
      "\n",
      "97% : CTAT-003-Dawn_DAWN_PERFUSION_20180401112510_8.nii\n",
      "AffineTransform (0000023224F3EF20)\n",
      "  RTTI typeinfo:   class itk::AffineTransform<double,3>\n",
      "  Reference Count: 2\n",
      "  Modified Time: 43971723\n",
      "  Debug: Off\n",
      "  Object Name: \n",
      "  Observers: \n",
      "    none\n",
      "  Matrix: \n",
      "    0.999998 0.000521724 -0.00194859 \n",
      "    -0.000524084 0.999999 -0.00121069 \n",
      "    0.00194796 0.00121171 0.999997 \n",
      "  Offset: [0.596601, 0.306542, 0.317953]\n",
      "  Center: [0.203125, -194.703, 310.999]\n",
      "  Translation: [-0.110991, -0.069918, 0.0816073]\n",
      "  Inverse: \n",
      "    0.999998 -0.000524084 0.00194796 \n",
      "    0.000521724 0.999999 0.00121171 \n",
      "    -0.00194859 -0.00121069 0.999997 \n",
      "  Singular: 0\n",
      "\n",
      "100% : CTAT-003-Dawn_DAWN_PERFUSION_20180401112510_9.nii\n",
      "Done\n"
     ]
    }
   ],
   "source": [
    "Dimension = 3\n",
    "PixelType = itk.ctype('float')\n",
    "ImageType = itk.Image[PixelType, Dimension]\n",
    "\n",
    "imdatamax = itk.GetArrayFromImage(im0)\n",
    "imdatamin = imdatamax\n",
    "imdatamax2 = imdatamax\n",
    "imdatamin2 = imdatamax\n",
    "imdatamax3 = imdatamax\n",
    "imdatamin3 = imdatamax\n",
    "\n",
    "imFixedBlur = im0Blur\n",
    "\n",
    "for imNum in range(num_images):\n",
    "    imMoving = itk.imread( directory + pic_folder[imNum], itk.F )\n",
    "    \n",
    "    immath.SetInput(imMoving)\n",
    "    immath.Blur(1)\n",
    "    imMovingBlur = immath.GetOutput()\n",
    "    \n",
    "    imreg = ttk.RegisterImages[ImageType].New()\n",
    "    imreg.SetFixedImage(imFixedBlur)\n",
    "    imreg.SetMovingImage(imMovingBlur)\n",
    "    \n",
    "    imreg.SetRigidMaxIterations(3000)\n",
    "    imreg.SetRegistration(\"RIGID\")\n",
    "    imreg.SetExpectedOffsetMagnitude(20)\n",
    "    imreg.SetExpectedRotationMagnitude(0.3)\n",
    "    imreg.SetMetric(\"MEAN_SQUARED_ERROR_METRIC\")\n",
    "    \n",
    "    imreg.SetFixedImageMaskObject(maskObj)\n",
    "    #imreg.SetSampleFromOverlap(True)\n",
    "\n",
    "    imreg.SetReportProgress(True)\n",
    "    imreg.Update()\n",
    "    \n",
    "    tfm = imreg.GetCurrentMatrixTransform()\n",
    "    #imFixedBlur = imreg.GetFinalMovingImage(\"LINEAR_INTERPOLATION\", -1024)\n",
    "    imMovingReg = imreg.ResampleImage(\"LINEAR_INTERPOLATION\", imMoving, tfm, -1024)\n",
    "    \n",
    "    itk.imwrite( imMovingReg, directory2 + pic_folder[imNum], compression=True )\n",
    "    \n",
    "    print(tfm)\n",
    "    \n",
    "    imdataTmp = itk.GetArrayFromImage(imMovingReg)\n",
    "    \n",
    "    imdatamax = np.maximum(imdatamax,imdataTmp)\n",
    "    imdatamin = np.minimum(imdatamin,imdataTmp)\n",
    "    imdataTmp[np.where(imdataTmp==imdatamax)] = 0\n",
    "    imdataTmp[np.where(imdataTmp==imdatamin)] = 0\n",
    "    imdatamax2 = np.maximum(imdatamax2,imdataTmp)\n",
    "    imdatamin2 = np.minimum(imdatamin2,imdataTmp)\n",
    "    imdataTmp[np.where(imdataTmp==imdatamax)] = 0\n",
    "    imdataTmp[np.where(imdataTmp==imdatamin)] = 0\n",
    "    imdatamax3 = np.maximum(imdatamax3,imdataTmp)\n",
    "    imdatamin3 = np.minimum(imdatamin3,imdataTmp)\n",
    "    \n",
    "    #out = itk.GetImageFromArray(imdatamax)\n",
    "    #out.CopyInformation(im0)\n",
    "    #itk.imwrite(out, (directory3 + 'max_' + str(imNum) + '.nrrd'))\n",
    "    \n",
    "    #out = itk.GetImageFromArray(imdatamax3)\n",
    "    #out.CopyInformation(im0)\n",
    "    #itk.imwrite(out, (directory3 + 'max3_' + str(imNum) + '.nrrd'))\n",
    "    \n",
    "    percent = (imNum + 1) / num_images * 100\n",
    "    print(str(round(percent)) + '% : ' + pic_folder[imNum])\n",
    "    \n",
    "print('Done')    "
   ]
  },
  {
   "cell_type": "code",
   "execution_count": 5,
   "metadata": {},
   "outputs": [
    {
     "name": "stdout",
     "output_type": "stream",
     "text": [
      "Done3\n"
     ]
    }
   ],
   "source": [
    "out = itk.GetImageFromArray(imdatamax3)\n",
    "out.CopyInformation(im0)\n",
    "itk.imwrite(out, (directory3 + 'max3.nrrd'), compression=True)\n",
    "\n",
    "out = itk.GetImageFromArray(imdatamin3)\n",
    "out.CopyInformation(im0)\n",
    "itk.imwrite(out, (directory3 + 'min3.nrrd'), compression=True)\n",
    "\n",
    "out = itk.GetImageFromArray(imdatamax3 - imdatamin3)\n",
    "out.CopyInformation(im0)\n",
    "itk.imwrite(out, (directory3 + 'diff3.nrrd'), compression=True)\n",
    "\n",
    "print('Done3')"
   ]
  },
  {
   "cell_type": "code",
   "execution_count": 6,
   "metadata": {},
   "outputs": [
    {
     "name": "stdout",
     "output_type": "stream",
     "text": [
      "Done\n"
     ]
    }
   ],
   "source": [
    "out = itk.GetImageFromArray(imdatamax)\n",
    "out.CopyInformation(im0)\n",
    "itk.imwrite(out, (directory3 + 'max.nrrd'), compression=True)\n",
    "\n",
    "out = itk.GetImageFromArray(imdatamin)\n",
    "out.CopyInformation(im0)\n",
    "itk.imwrite(out, (directory3 + 'min.nrrd'), compression=True)\n",
    "\n",
    "out = itk.GetImageFromArray(imdatamax - imdatamin)\n",
    "out.CopyInformation(im0)\n",
    "itk.imwrite(out, (directory3 + 'diff.nrrd'), compression=True)\n",
    "\n",
    "print('Done')"
   ]
  },
  {
   "cell_type": "code",
   "execution_count": 7,
   "metadata": {},
   "outputs": [
    {
     "data": {
      "application/vnd.jupyter.widget-view+json": {
       "model_id": "660a0d95adf443dc9d14316c1024effb",
       "version_major": 2,
       "version_minor": 0
      },
      "text/plain": [
       "Viewer(geometries=[], gradient_opacity=0.22, point_sets=[], rendered_image=<itk.itkImagePython.itkImageF3; pro…"
      ]
     },
     "metadata": {},
     "output_type": "display_data"
    }
   ],
   "source": [
    "out = itk.GetImageFromArray(imdatamax)\n",
    "view(out)"
   ]
  },
  {
   "cell_type": "code",
   "execution_count": null,
   "metadata": {},
   "outputs": [],
   "source": []
  }
 ],
 "metadata": {
  "kernelspec": {
   "display_name": "Python 3",
   "language": "python",
   "name": "python3"
  },
  "language_info": {
   "codemirror_mode": {
    "name": "ipython",
    "version": 3
   },
   "file_extension": ".py",
   "mimetype": "text/x-python",
   "name": "python",
   "nbconvert_exporter": "python",
   "pygments_lexer": "ipython3",
   "version": "3.8.3"
  }
 },
 "nbformat": 4,
 "nbformat_minor": 2
}
