FormTypeName = LDA
BinaryData = False
NDims = 7
Values = 2.29279e+19 0.023187 0.00163104 2.29138e-05 8.14008e-17 8.73955e-19 1.31214e-19
Matrix = -0.570458 0.603742 0.0538132 0.451695 -0.654652 0.00150198 -0.000217796 -0.213576 0.144897 0.51079 0.0617435 0.217663 -0.284724 -0.28974 -0.28525 0.458845 -0.456977 0.389951 0.654652 -0.00150198 0.000217796 -0.223212 0.144897 0.51079 0.0617435 0.217665 -0.284018 -0.29691 -0.705497 -7.65163e-18 4.38722e-16 -2.47167e-15 -0.00188021 -0.71868 0.695328 -8.46198e-05 0.60164 -0.0745367 -0.795282 2.09692e-11 -4.79888e-14 4.30221e-15 0.00673127 0.144897 0.51079 0.0617435 0.219325 0.56724 0.586868
NRidgeSeedScales = 2
RidgeSeedScales = 0.2 0.4
UseIntensityOnly = True
PDFFileName = vess.mrs.mpd
RidgeId = 255
BackgroundId = 127
UnknownId = 0
SeedTolerance = 1
Skeletonize = False
